1	1	1e+06	0.837996
1	1000001	2e+06	0.663093
1	2000001	3e+06	0.673732
1	3000001	4e+06	0.674457
1	4000001	5e+06	0.607275
1	5000001	6e+06	0.640881
1	6000001	7e+06	0.720326
1	7000001	8e+06	0.611235
1	8000001	9e+06	0.810146
1	9000001	1e+07	0.749121
1	10000001	1.1e+07	0.943129
1	11000001	1.2e+07	0.987571
1	12000001	1.3e+07	1.178788
1	13000001	1.4e+07	1.253825
1	14000001	1.5e+07	1.02841
1	15000001	1.6e+07	1.196261
1	16000001	1.7e+07	1.521003
1	17000001	1.8e+07	1.222071
1	18000001	1.9e+07	1.039316
1	19000001	2e+07	1.204835
1	20000001	2.1e+07	1.056787
1	21000001	2.2e+07	1.087442
1	22000001	2.3e+07	0.881841
1	23000001	2.4e+07	0.88784
1	24000001	2.5e+07	0.663695
1	25000001	2.6e+07	1.031212
1	26000001	2.7e+07	0.981481
1	27000001	2.8e+07	0.725131
1	28000001	2.9e+07	0.701945
1	29000001	3e+07	0.77228
1	30000001	3.1e+07	0.731019
1	31000001	3.2e+07	0.707322
1	32000001	3.3e+07	0.54165
1	33000001	3.4e+07	0.891725
1	34000001	3.5e+07	0.779149
1	35000001	3.6e+07	0.734485
1	36000001	3.7e+07	0.874347
1	37000001	3.8e+07	0.631883
1	38000001	3.9e+07	0.587992
1	39000001	4e+07	0.49764
1	40000001	4.1e+07	0.520959
1	41000001	4.2e+07	0.747194
1	42000001	4.3e+07	0.58046
1	43000001	43270923	0.809853722275333
Mt	1	490520	0.473385386936312
Pt	1	134525	1.16354580932912
2	1	1e+06	0.706074
2	1000001	2e+06	0.484114
2	2000001	3e+06	0.776132
2	3000001	4e+06	0.809313
2	4000001	5e+06	0.615422
2	5000001	6e+06	0.602029
2	6000001	7e+06	0.744898
2	7000001	8e+06	0.964966
2	8000001	9e+06	0.831134
2	9000001	1e+07	1.15431
2	10000001	1.1e+07	0.976626
2	11000001	1.2e+07	1.106439
2	12000001	1.3e+07	1.001752
2	13000001	1.4e+07	1.418424
2	14000001	1.5e+07	1.468646
2	15000001	1.6e+07	1.139578
2	16000001	1.7e+07	1.155532
2	17000001	1.8e+07	1.077236
2	18000001	1.9e+07	0.955876
2	19000001	2e+07	0.885008
2	20000001	2.1e+07	0.896901
2	21000001	2.2e+07	0.877963
2	22000001	2.3e+07	0.789648
2	23000001	2.4e+07	0.788546
2	24000001	2.5e+07	0.767141
2	25000001	2.6e+07	0.776028
2	26000001	2.7e+07	0.870366
2	27000001	2.8e+07	0.690234
2	28000001	2.9e+07	0.726154
2	29000001	3e+07	0.651151
2	30000001	3.1e+07	0.705497
2	31000001	3.2e+07	0.679853
2	32000001	3.3e+07	0.663316
2	33000001	3.4e+07	0.578641
2	34000001	3.5e+07	0.710173
2	35000001	35937250	0.534019738596959
3	1	1e+06	0.590969
3	1000001	2e+06	0.563354
3	2000001	3e+06	0.682127
3	3000001	4e+06	0.658075
3	4000001	5e+06	0.516327
3	5000001	6e+06	0.513559
3	6000001	7e+06	0.644177
3	7000001	8e+06	0.69982
3	8000001	9e+06	0.716851
3	9000001	1e+07	0.66808
3	10000001	1.1e+07	0.554757
3	11000001	1.2e+07	0.654741
3	12000001	1.3e+07	0.643308
3	13000001	1.4e+07	0.965466
3	14000001	1.5e+07	0.845545
3	15000001	1.6e+07	0.947015
3	16000001	1.7e+07	1.027492
3	17000001	1.8e+07	0.992826
3	18000001	1.9e+07	1.340732
3	19000001	2e+07	1.692042
3	20000001	2.1e+07	1.24168
3	21000001	2.2e+07	1.059956
3	22000001	2.3e+07	0.973768
3	23000001	2.4e+07	0.98281
3	24000001	2.5e+07	0.9608
3	25000001	2.6e+07	0.912904
3	26000001	2.7e+07	0.835781
3	27000001	2.8e+07	0.676092
3	28000001	2.9e+07	0.542795
3	29000001	3e+07	0.57583
3	30000001	3.1e+07	0.574415
3	31000001	3.2e+07	0.579979
3	32000001	3.3e+07	0.588049
3	33000001	3.4e+07	0.537751
3	34000001	3.5e+07	0.565795
3	35000001	3.6e+07	0.52267
3	36000001	36413819	0.727148825935977
4	1	1e+06	1.166597
4	1000001	2e+06	1.160828
4	2000001	3e+06	1.355587
4	3000001	4e+06	1.557252
4	4000001	5e+06	1.305947
4	5000001	6e+06	1.108656
4	6000001	7e+06	1.355212
4	7000001	8e+06	1.402911
4	8000001	9e+06	1.422072
4	9000001	1e+07	1.58073
4	10000001	1.1e+07	1.695548
4	11000001	1.2e+07	1.341896
4	12000001	1.3e+07	1.341354
4	13000001	1.4e+07	1.214857
4	14000001	1.5e+07	1.176652
4	15000001	1.6e+07	1.239244
4	16000001	1.7e+07	1.042974
4	17000001	1.8e+07	1.178624
4	18000001	1.9e+07	0.805882
4	19000001	2e+07	0.679992
4	20000001	2.1e+07	0.684496
4	21000001	2.2e+07	0.737626
4	22000001	2.3e+07	0.707575
4	23000001	2.4e+07	0.642871
4	24000001	2.5e+07	0.551534
4	25000001	2.6e+07	0.632425
4	26000001	2.7e+07	0.720702
4	27000001	2.8e+07	0.674734
4	28000001	2.9e+07	0.730234
4	29000001	3e+07	0.719961
4	30000001	3.1e+07	0.629551
4	31000001	3.2e+07	0.540265
4	32000001	3.3e+07	0.767516
4	33000001	3.4e+07	0.615288
4	34000001	3.5e+07	0.463503
4	35000001	35502694	0.639492414868687
5	1	1e+06	0.604511
5	1000001	2e+06	0.742065
5	2000001	3e+06	0.62138
5	3000001	4e+06	0.747852
5	4000001	5e+06	0.959358
5	5000001	6e+06	1.043153
5	6000001	7e+06	0.851086
5	7000001	8e+06	1.047716
5	8000001	9e+06	1.202398
5	9000001	1e+07	1.423563
5	10000001	1.1e+07	1.607774
5	11000001	1.2e+07	1.54396
5	12000001	1.3e+07	1.711425
5	13000001	1.4e+07	1.031534
5	14000001	1.5e+07	1.169548
5	15000001	1.6e+07	1.309341
5	16000001	1.7e+07	0.87965
5	17000001	1.8e+07	0.890769
5	18000001	1.9e+07	0.861203
5	19000001	2e+07	0.761407
5	20000001	2.1e+07	0.80043
5	21000001	2.2e+07	0.884106
5	22000001	2.3e+07	0.737822
5	23000001	2.4e+07	0.751907
5	24000001	2.5e+07	0.801712
5	25000001	2.6e+07	0.769205
5	26000001	2.7e+07	0.677976
5	27000001	2.8e+07	0.604059
5	28000001	2.9e+07	0.594559
5	29000001	29958434	0.80505491249267
6	1	1e+06	0.788449
6	1000001	2e+06	0.724672
6	2000001	3e+06	0.571401
6	3000001	4e+06	0.671185
6	4000001	5e+06	0.717779
6	5000001	6e+06	0.66757
6	6000001	7e+06	0.690011
6	7000001	8e+06	0.783271
6	8000001	9e+06	1.119532
6	9000001	1e+07	1.095914
6	10000001	1.1e+07	1.281589
6	11000001	1.2e+07	1.002846
6	12000001	1.3e+07	1.136116
6	13000001	1.4e+07	1.012785
6	14000001	1.5e+07	1.468991
6	15000001	1.6e+07	1.507675
6	16000001	1.7e+07	1.232652
6	17000001	1.8e+07	1.010011
6	18000001	1.9e+07	1.589417
6	19000001	2e+07	1.131363
6	20000001	2.1e+07	1.074052
6	21000001	2.2e+07	0.923651
6	22000001	2.3e+07	1.119122
6	23000001	2.4e+07	0.921438
6	24000001	2.5e+07	0.702461
6	25000001	2.6e+07	0.892655
6	26000001	2.7e+07	0.698199
6	27000001	2.8e+07	0.74679
6	28000001	2.9e+07	0.589618
6	29000001	3e+07	0.762122
6	30000001	3.1e+07	0.689246
6	31000001	31248787	0.637802618304011
7	1	1e+06	0.784724
7	1000001	2e+06	0.863927
7	2000001	3e+06	0.749482
7	3000001	4e+06	0.670507
7	4000001	5e+06	0.690921
7	5000001	6e+06	0.779283
7	6000001	7e+06	1.107919
7	7000001	8e+06	1.022423
7	8000001	9e+06	1.133289
7	9000001	1e+07	1.335051
7	10000001	1.1e+07	1.22417
7	11000001	1.2e+07	1.27081
7	12000001	1.3e+07	1.756979
7	13000001	1.4e+07	1.276069
7	14000001	1.5e+07	1.365702
7	15000001	1.6e+07	1.087528
7	16000001	1.7e+07	1.101974
7	17000001	1.8e+07	1.03054
7	18000001	1.9e+07	0.965682
7	19000001	2e+07	0.889712
7	20000001	2.1e+07	0.931249
7	21000001	2.2e+07	0.89969
7	22000001	2.3e+07	0.699657
7	23000001	2.4e+07	0.629093
7	24000001	2.5e+07	0.778249
7	25000001	2.6e+07	0.696138
7	26000001	2.7e+07	0.678076
7	27000001	2.8e+07	0.845622
7	28000001	2.9e+07	0.619939
7	29000001	29697621	0.588914324540116
8	1	1e+06	0.530248
8	1000001	2e+06	0.992996
8	2000001	3e+06	0.885097
8	3000001	4e+06	0.666316
8	4000001	5e+06	0.891398
8	5000001	6e+06	0.846248
8	6000001	7e+06	1.447465
8	7000001	8e+06	1.295126
8	8000001	9e+06	1.041051
8	9000001	1e+07	1.164174
8	10000001	1.1e+07	1.110823
8	11000001	1.2e+07	1.319909
8	12000001	1.3e+07	1.512954
8	13000001	1.4e+07	1.644886
8	14000001	1.5e+07	1.27682
8	15000001	1.6e+07	1.106527
8	16000001	1.7e+07	1.222769
8	17000001	1.8e+07	1.132552
8	18000001	1.9e+07	1.131803
8	19000001	2e+07	0.890609
8	20000001	2.1e+07	0.816358
8	21000001	2.2e+07	0.763111
8	22000001	2.3e+07	0.882888
8	23000001	2.4e+07	0.772603
8	24000001	2.5e+07	0.600038
8	25000001	2.6e+07	0.810232
8	26000001	2.7e+07	0.640578
8	27000001	2.8e+07	0.59614
8	28000001	28443022	0.787376247680702
9	1	1e+06	1.387001
9	1000001	2e+06	1.189368
9	2000001	3e+06	1.42906
9	3000001	4e+06	1.301768
9	4000001	5e+06	1.246026
9	5000001	6e+06	1.245729
9	6000001	7e+06	1.061826
9	7000001	8e+06	1.125434
9	8000001	9e+06	1.211383
9	9000001	1e+07	1.06039
9	10000001	1.1e+07	1.135026
9	11000001	1.2e+07	1.028822
9	12000001	1.3e+07	0.770395
9	13000001	1.4e+07	1.112927
9	14000001	1.5e+07	0.883918
9	15000001	1.6e+07	0.772314
9	16000001	1.7e+07	0.684364
9	17000001	1.8e+07	0.795838
9	18000001	1.9e+07	0.641423
9	19000001	2e+07	0.585354
9	20000001	2.1e+07	0.518465
9	21000001	2.2e+07	0.577799
9	22000001	2.3e+07	0.583952
9	23000001	23012720	1.40872641509434
10	1	1e+06	1.223782
10	1000001	2e+06	1.055424
10	2000001	3e+06	0.964559
10	3000001	4e+06	1.200504
10	4000001	5e+06	1.308475
10	5000001	6e+06	1.289648
10	6000001	7e+06	1.417179
10	7000001	8e+06	1.456971
10	8000001	9e+06	1.608375
10	9000001	1e+07	1.21307
10	10000001	1.1e+07	1.153866
10	11000001	1.2e+07	0.96069
10	12000001	1.3e+07	1.291861
10	13000001	1.4e+07	0.866696
10	14000001	1.5e+07	0.795344
10	15000001	1.6e+07	1.01535
10	16000001	1.7e+07	0.867507
10	17000001	1.8e+07	0.693408
10	18000001	1.9e+07	0.602881
10	19000001	2e+07	0.605684
10	20000001	2.1e+07	0.809634
10	21000001	2.2e+07	0.623795
10	22000001	2.3e+07	0.576129
10	23000001	23207287	0.71267855678359
11	1	1e+06	0.704764
11	1000001	2e+06	0.651372
11	2000001	3e+06	0.568691
11	3000001	4e+06	0.865371
11	4000001	5e+06	0.826874
11	5000001	6e+06	0.890778
11	6000001	7e+06	1.05169
11	7000001	8e+06	0.857191
11	8000001	9e+06	1.157098
11	9000001	1e+07	1.130157
11	10000001	1.1e+07	1.194351
11	11000001	1.2e+07	1.328052
11	12000001	1.3e+07	1.578379
11	13000001	1.4e+07	1.395792
11	14000001	1.5e+07	1.233471
11	15000001	1.6e+07	1.277306
11	16000001	1.7e+07	1.114572
11	17000001	1.8e+07	0.995672
11	18000001	1.9e+07	0.929504
11	19000001	2e+07	0.862675
11	20000001	2.1e+07	0.968143
11	21000001	2.2e+07	0.944175
11	22000001	2.3e+07	0.826736
11	23000001	2.4e+07	0.907917
11	24000001	2.5e+07	0.932617
11	25000001	2.6e+07	0.918846
11	26000001	2.7e+07	1.048296
11	27000001	2.8e+07	1.020762
11	28000001	2.9e+07	1.025516
11	29000001	29021106	1.18203354496352
12	1	1e+06	0.61811
12	1000001	2e+06	0.649401
12	2000001	3e+06	0.744078
12	3000001	4e+06	0.673241
12	4000001	5e+06	0.989736
12	5000001	6e+06	1.095727
12	6000001	7e+06	1.37007
12	7000001	8e+06	1.011015
12	8000001	9e+06	1.295856
12	9000001	1e+07	1.263194
12	10000001	1.1e+07	1.143199
12	11000001	1.2e+07	1.507177
12	12000001	1.3e+07	1.423049
12	13000001	1.4e+07	1.203342
12	14000001	1.5e+07	1.355426
12	15000001	1.6e+07	1.328435
12	16000001	1.7e+07	1.315699
12	17000001	1.8e+07	1.135797
12	18000001	1.9e+07	1.123439
12	19000001	2e+07	0.827286
12	20000001	2.1e+07	1.151518
12	21000001	2.2e+07	0.986807
12	22000001	2.3e+07	0.891814
12	23000001	2.4e+07	0.651567
12	24000001	2.5e+07	0.733083
12	25000001	2.6e+07	0.646121
12	26000001	2.7e+07	0.771622
12	27000001	27531856	0.598443939713005
AP008246	1	206004	1.61695889400206
AP008247	1	157458	1.06730048647893
AC160949	1	128256	1.15823041417166
AC156495	1	88500	1.3363615819209
AC155918	1	32941	2.54964937312164
Syng_TIGR_028	1	31094	0.852029330417444
Syng_TIGR_023	1	24772	0.89419505893751
Syng_TIGR_045	1	22545	1.22772233311155
Syng_TIGR_005	1	21787	1.68430715564327
Syng_TIGR_014	1	21421	1.10984547873582
Syng_TIGR_047	1	20829	0.583177300878583
Syng_TIGR_026	1	19971	1.08271994391868
Syng_TIGR_004	1	19457	0.698823045690497
Syng_TIGR_021	1	17477	0.970074955656005
Syng_TIGR_008	1	16676	1.2905372991125
Syng_TIGR_012	1	16417	1.3867332642992
Syng_TIGR_010	1	15493	1.66985090040664
AC174930	1	15426	0.534098275638532
Syng_TIGR_002	1	14476	1.76077645758497
Syng_TIGR_037	1	13061	0.246918306408391
Syng_TIGR_029	1	12884	1.6836386215461
Syng_TIGR_016	1	12792	1.18886804252658
Syng_TIGR_027	1	11522	1.2370248220795
Syng_TIGR_046	1	11447	1.69520398357648
Syng_TIGR_033	1	11093	1.86297665194267
Syng_TIGR_011	1	10901	1.05274745436199
Syng_TIGR_030	1	10794	1.77246618491755
Syng_TIGR_020	1	10699	1.4817272642303
Syng_TIGR_035	1	10686	1.77671720007486
Syng_TIGR_015	1	10595	0.290608777725342
Syng_TIGR_013	1	10512	1.64526255707763
Syng_TIGR_036	1	10434	3.30803143569101
Syng_TIGR_019	1	10422	1.02465937440031
Syng_TIGR_034	1	10311	3
Syng_TIGR_009	1	10296	2.02097902097902
Syng_TIGR_041	1	10210	0.388050930460333
Syng_TIGR_024	1	10060	1.46063618290258
Syng_TIGR_022	1	9889	1.96875316007685
Syng_TIGR_032	1	9603	2
Syng_TIGR_031	1	9548	2.93715961457897
Syng_TIGR_050	1	8529	1.69175753312229
Syng_TIGR_038	1	8197	1.80883249969501
Syng_TIGR_007	1	7820	4
Syng_TIGR_048	1	7140	0.509663865546218
Syng_TIGR_039	1	6269	1.73392885627692
Syng_TIGR_049	1	6261	2
Syng_TIGR_044	1	6000	1.41816666666667
Syng_TIGR_042	1	5510	1.66424682395644
Syng_TIGR_043	1	4236	2.45632672332389
