ob1	0	1000000	0.39158
ob1	200000	1200000	0.388697
ob1	400000	1400000	0.388564
ob1	600000	1600000	0.392276
ob1	800000	1800000	0.385756
ob1	1000000	2000000	0.389745
ob1	1200000	2200000	0.395088
ob1	1400000	2400000	0.397391
ob1	1600000	2600000	0.391284
ob1	1800000	2800000	0.398237
ob1	2000000	3000000	0.393541
ob1	2200000	3200000	0.39176
ob1	2400000	3400000	0.386086
ob1	2600000	3600000	0.380108
ob1	2800000	3800000	0.375171
ob1	3000000	4000000	0.377986
ob1	3200000	4200000	0.367628
ob1	3400000	4400000	0.371195
ob1	3600000	4600000	0.374425
ob1	3800000	4800000	0.372465
ob1	4000000	5000000	0.376575
ob1	4200000	5200000	0.379428
ob1	4400000	5400000	0.379097
ob1	4600000	5600000	0.383805
ob1	4800000	5800000	0.387614
ob1	5000000	6000000	0.385212
ob1	5200000	6200000	0.38829
ob1	5400000	6400000	0.385991
ob1	5600000	6600000	0.383266
ob1	5800000	6800000	0.377739
ob1	6000000	7000000	0.37247
ob1	6200000	7200000	0.373076
ob1	6400000	7400000	0.36835
ob1	6600000	7600000	0.366827
ob1	6800000	7800000	0.364787
ob1	7000000	8000000	0.362979
ob1	7200000	8200000	0.366464
ob1	7400000	8400000	0.367897
ob1	7600000	8600000	0.369907
ob1	7800000	8800000	0.377248
ob1	8000000	9000000	0.382474
ob1	8200000	9200000	0.377764
ob1	8400000	9400000	0.382216
ob1	8600000	9600000	0.374451
ob1	8800000	9800000	0.374159
ob1	9000000	10000000	0.369456
ob1	9200000	10200000	0.370753
ob1	9400000	10400000	0.369296
ob1	9600000	10600000	0.370848
ob1	9800000	10800000	0.367292
ob1	10000000	11000000	0.372539
ob1	10200000	11200000	0.368282
ob1	10400000	11400000	0.369147
ob1	10600000	11600000	0.372577
ob1	10800000	11800000	0.376488
ob1	11000000	12000000	0.369721
ob1	11200000	12200000	0.37888
ob1	11400000	12400000	0.373261
ob1	11600000	12600000	0.368586
ob1	11800000	12800000	0.361408
ob1	12000000	13000000	0.36517
ob1	12200000	13200000	0.360519
ob1	12400000	13400000	0.368946
ob1	12600000	13600000	0.372587
ob1	12800000	13800000	0.381845
ob1	13000000	14000000	0.385532
ob1	13200000	14200000	0.381901
ob1	13400000	14400000	0.381262
ob1	13600000	14600000	0.379652
ob1	13800000	14800000	0.379477
ob1	14000000	15000000	0.371992
ob1	14200000	15200000	0.36679
ob1	14400000	15400000	0.365091
ob1	14600000	15600000	0.368969
ob1	14800000	15800000	0.366402
ob1	15000000	16000000	0.37433
ob1	15200000	16200000	0.383667
ob1	15400000	16400000	0.384123
ob1	15600000	16600000	0.381849
ob1	15800000	16800000	0.383126
ob1	16000000	17000000	0.381267
ob1	16200000	17200000	0.38108
ob1	16400000	17400000	0.380852
ob1	16600000	17600000	0.38301
ob1	16800000	17800000	0.382497
ob1	17000000	18000000	0.384724
ob1	17200000	18200000	0.376091
ob1	17400000	18400000	0.379842
ob1	17600000	18600000	0.383369
ob1	17800000	18800000	0.376915
ob1	18000000	19000000	0.372192
ob1	18200000	19200000	0.380167
ob1	18400000	19400000	0.380215
ob1	18600000	19600000	0.38247
ob1	18800000	19800000	0.386748
ob1	19000000	20000000	0.391228
ob1	19200000	20200000	0.398452
ob1	19400000	20400000	0.390982
ob1	19600000	20600000	0.384099
ob1	19800000	20800000	0.379341
ob1	20000000	21000000	0.376677
ob1	20200000	21200000	0.378137
ob1	20400000	21400000	0.38193
ob1	20600000	21600000	0.385596
ob1	20800000	21800000	0.3941
ob1	21000000	22000000	0.400044
ob1	21200000	22200000	0.398998
ob1	21400000	22400000	0.401755
ob1	21600000	22600000	0.397291
ob1	21800000	22800000	0.396233
ob1	22000000	23000000	0.394506
ob1	22200000	23200000	0.395105
ob1	22400000	23400000	0.398926
ob1	22600000	23600000	0.404937
ob1	22800000	23800000	0.409081
ob1	23000000	24000000	0.412288
ob1	23200000	24200000	0.407581
ob1	23400000	24400000	0.400066
ob1	23600000	24600000	0.4024
ob1	23800000	24800000	0.401914
ob1	24000000	25000000	0.393747
ob1	24200000	25200000	0.391931
ob1	24400000	25400000	0.386471
ob1	24600000	25600000	0.381128
ob1	24800000	25800000	0.381589
ob1	25000000	26000000	0.382334
ob1	25200000	26200000	0.385761
ob1	25400000	26400000	0.393991
ob1	25600000	26600000	0.391858
ob1	25800000	26800000	0.385937
ob1	26000000	27000000	0.391012
ob1	26200000	27200000	0.388884
ob1	26400000	27400000	0.391147
ob1	26600000	27600000	0.399921
ob1	26800000	27800000	0.407782
ob1	27000000	28000000	0.410233
ob1	27200000	28200000	0.409863
ob1	27400000	28400000	0.409093
ob1	27600000	28600000	0.404801
ob1	27800000	28800000	0.40242
ob1	28000000	29000000	0.39808
ob1	28200000	29200000	0.39952
ob1	28400000	29400000	0.397294
ob1	28600000	29600000	0.39858
ob1	28800000	29800000	0.399025
ob1	29000000	30000000	0.398853
ob1	29200000	30200000	0.396262
ob1	29400000	30400000	0.395659
ob1	29600000	30600000	0.389072
ob1	29800000	30800000	0.389795
ob1	30000000	31000000	0.388506
ob1	30200000	31200000	0.391054
ob1	30400000	31400000	0.391132
ob1	30600000	31600000	0.393513
ob1	30800000	31800000	0.389618
ob1	31000000	32000000	0.390034
ob1	31200000	32200000	0.387985
ob1	31400000	32400000	0.384057
ob1	31600000	32600000	0.38478
ob1	31800000	32800000	0.3848
ob1	32000000	33000000	0.387238
ob1	32200000	33200000	0.388866
ob1	32400000	33400000	0.395307
ob1	32600000	33600000	0.395411
ob1	32800000	33800000	0.395531
ob1	33000000	33916305	0.39498529419789263
ob1	33200000	33916305	0.3961901703883122
ob1	33400000	33916305	0.3945981541918052
ob1	33600000	33916305	0.39652550544569326
ob1	33800000	33916305	0.4028889557628649
ob2	0	1000000	0.395415
ob2	200000	1200000	0.393169
ob2	400000	1400000	0.384542
ob2	600000	1600000	0.370241
ob2	800000	1800000	0.366458
ob2	1000000	2000000	0.364322
ob2	1200000	2200000	0.366472
ob2	1400000	2400000	0.373155
ob2	1600000	2600000	0.377174
ob2	1800000	2800000	0.382133
ob2	2000000	3000000	0.37896
ob2	2200000	3200000	0.375432
ob2	2400000	3400000	0.371668
ob2	2600000	3600000	0.37505
ob2	2800000	3800000	0.372558
ob2	3000000	4000000	0.372915
ob2	3200000	4200000	0.375553
ob2	3400000	4400000	0.366267
ob2	3600000	4600000	0.362502
ob2	3800000	4800000	0.36371
ob2	4000000	5000000	0.358059
ob2	4200000	5200000	0.353622
ob2	4400000	5400000	0.3646
ob2	4600000	5600000	0.367763
ob2	4800000	5800000	0.36858
ob2	5000000	6000000	0.375923
ob2	5200000	6200000	0.373963
ob2	5400000	6400000	0.372774
ob2	5600000	6600000	0.370299
ob2	5800000	6800000	0.366546
ob2	6000000	7000000	0.370239
ob2	6200000	7200000	0.370226
ob2	6400000	7400000	0.36577
ob2	6600000	7600000	0.372184
ob2	6800000	7800000	0.371341
ob2	7000000	8000000	0.369169
ob2	7200000	8200000	0.378343
ob2	7400000	8400000	0.381043
ob2	7600000	8600000	0.377661
ob2	7800000	8800000	0.383233
ob2	8000000	9000000	0.376258
ob2	8200000	9200000	0.373154
ob2	8400000	9400000	0.377597
ob2	8600000	9600000	0.372464
ob2	8800000	9800000	0.37149
ob2	9000000	10000000	0.372832
ob2	9200000	10200000	0.370233
ob2	9400000	10400000	0.360055
ob2	9600000	10600000	0.362271
ob2	9800000	10800000	0.358982
ob2	10000000	11000000	0.361012
ob2	10200000	11200000	0.346929
ob2	10400000	11400000	0.351295
ob2	10600000	11600000	0.353664
ob2	10800000	11800000	0.355173
ob2	11000000	12000000	0.354879
ob2	11200000	12200000	0.367538
ob2	11400000	12400000	0.367173
ob2	11600000	12600000	0.3691
ob2	11800000	12800000	0.361973
ob2	12000000	13000000	0.365372
ob2	12200000	13200000	0.367075
ob2	12400000	13400000	0.362702
ob2	12600000	13600000	0.357959
ob2	12800000	13800000	0.358077
ob2	13000000	14000000	0.355219
ob2	13200000	14200000	0.355677
ob2	13400000	14400000	0.363146
ob2	13600000	14600000	0.367586
ob2	13800000	14800000	0.369439
ob2	14000000	15000000	0.374299
ob2	14200000	15200000	0.369848
ob2	14400000	15400000	0.370812
ob2	14600000	15600000	0.371094
ob2	14800000	15800000	0.378339
ob2	15000000	16000000	0.379271
ob2	15200000	16200000	0.386695
ob2	15400000	16400000	0.385436
ob2	15600000	16600000	0.388175
ob2	15800000	16800000	0.39071
ob2	16000000	17000000	0.389379
ob2	16200000	17200000	0.392319
ob2	16400000	17400000	0.390751
ob2	16600000	17600000	0.388622
ob2	16800000	17800000	0.385719
ob2	17000000	18000000	0.385554
ob2	17200000	18200000	0.384821
ob2	17400000	18400000	0.386497
ob2	17600000	18600000	0.389416
ob2	17800000	18800000	0.391175
ob2	18000000	19000000	0.386374
ob2	18200000	19200000	0.382074
ob2	18400000	19400000	0.380958
ob2	18600000	19600000	0.380422
ob2	18800000	19800000	0.383466
ob2	19000000	20000000	0.390764
ob2	19200000	20200000	0.393358
ob2	19400000	20400000	0.400612
ob2	19600000	20600000	0.400033
ob2	19800000	20800000	0.401062
ob2	20000000	21000000	0.402279
ob2	20200000	21200000	0.407572
ob2	20400000	21400000	0.406546
ob2	20600000	21600000	0.407371
ob2	20800000	21800000	0.406444
ob2	21000000	22000000	0.405835
ob2	21200000	22200000	0.399455
ob2	21400000	22400000	0.401768
ob2	21600000	22600000	0.401684
ob2	21800000	22800000	0.400652
ob2	22000000	23000000	0.400265
ob2	22200000	23200000	0.403492
ob2	22400000	23400000	0.403485
ob2	22600000	23600000	0.405422
ob2	22800000	23800000	0.402048
ob2	23000000	24000000	0.404146
ob2	23200000	24200000	0.404311
ob2	23400000	24400000	0.399929
ob2	23600000	24600000	0.393245
ob2	23800000	24800000	0.396872
ob2	24000000	25000000	0.395024
ob2	24200000	25200000	0.396933
ob2	24400000	25400000	0.397451
ob2	24600000	25600000	0.398882
ob2	24800000	25800000	0.396525
ob2	25000000	26000000	0.393145
ob2	25200000	26200000	0.391824
ob2	25400000	26400000	0.392469
ob2	25600000	26600000	0.393441
ob2	25800000	26800000	0.395858
ob2	26000000	27000000	0.404881
ob2	26200000	27085147	0.39896875886152244
ob2	26400000	27085147	0.3993814466092678
ob2	26600000	27085147	0.40465467167683195
ob2	26800000	27085147	0.40455273946420617
ob2	27000000	27085147	0.3510634549661174
ob3	0	1000000	0.403378
ob3	200000	1200000	0.405103
ob3	400000	1400000	0.407867
ob3	600000	1600000	0.408515
ob3	800000	1800000	0.402304
ob3	1000000	2000000	0.406512
ob3	1200000	2200000	0.408363
ob3	1400000	2400000	0.408416
ob3	1600000	2600000	0.404898
ob3	1800000	2800000	0.403262
ob3	2000000	3000000	0.395306
ob3	2200000	3200000	0.39133
ob3	2400000	3400000	0.387437
ob3	2600000	3600000	0.383677
ob3	2800000	3800000	0.38353
ob3	3000000	4000000	0.389447
ob3	3200000	4200000	0.39144
ob3	3400000	4400000	0.396779
ob3	3600000	4600000	0.405531
ob3	3800000	4800000	0.408253
ob3	4000000	5000000	0.406324
ob3	4200000	5200000	0.401106
ob3	4400000	5400000	0.400153
ob3	4600000	5600000	0.398559
ob3	4800000	5800000	0.400467
ob3	5000000	6000000	0.399187
ob3	5200000	6200000	0.39962
ob3	5400000	6400000	0.397492
ob3	5600000	6600000	0.387714
ob3	5800000	6800000	0.388957
ob3	6000000	7000000	0.39202
ob3	6200000	7200000	0.389016
ob3	6400000	7400000	0.392164
ob3	6600000	7600000	0.401604
ob3	6800000	7800000	0.39846
ob3	7000000	8000000	0.401643
ob3	7200000	8200000	0.407278
ob3	7400000	8400000	0.407779
ob3	7600000	8600000	0.40849
ob3	7800000	8800000	0.407427
ob3	8000000	9000000	0.403267
ob3	8200000	9200000	0.405387
ob3	8400000	9400000	0.403086
ob3	8600000	9600000	0.396555
ob3	8800000	9800000	0.392863
ob3	9000000	10000000	0.39111
ob3	9200000	10200000	0.38984
ob3	9400000	10400000	0.386683
ob3	9600000	10600000	0.390338
ob3	9800000	10800000	0.393471
ob3	10000000	11000000	0.389272
ob3	10200000	11200000	0.382016
ob3	10400000	11400000	0.384728
ob3	10600000	11600000	0.37857
ob3	10800000	11800000	0.374419
ob3	11000000	12000000	0.374837
ob3	11200000	12200000	0.373346
ob3	11400000	12400000	0.368635
ob3	11600000	12600000	0.368399
ob3	11800000	12800000	0.371723
ob3	12000000	13000000	0.367743
ob3	12200000	13200000	0.365362
ob3	12400000	13400000	0.367096
ob3	12600000	13600000	0.366501
ob3	12800000	13800000	0.363372
ob3	13000000	14000000	0.364142
ob3	13200000	14200000	0.366654
ob3	13400000	14400000	0.359993
ob3	13600000	14600000	0.361364
ob3	13800000	14800000	0.359336
ob3	14000000	15000000	0.358495
ob3	14200000	15200000	0.359301
ob3	14400000	15400000	0.359059
ob3	14600000	15600000	0.348557
ob3	14800000	15800000	0.349284
ob3	15000000	16000000	0.352058
ob3	15200000	16200000	0.351335
ob3	15400000	16400000	0.358909
ob3	15600000	16600000	0.367694
ob3	15800000	16800000	0.364085
ob3	16000000	17000000	0.368218
ob3	16200000	17200000	0.371166
ob3	16400000	17400000	0.371363
ob3	16600000	17600000	0.373569
ob3	16800000	17800000	0.376125
ob3	17000000	18000000	0.372736
ob3	17200000	18200000	0.368908
ob3	17400000	18400000	0.370663
ob3	17600000	18600000	0.371383
ob3	17800000	18800000	0.37596
ob3	18000000	19000000	0.377008
ob3	18200000	19200000	0.381631
ob3	18400000	19400000	0.378711
ob3	18600000	19600000	0.375958
ob3	18800000	19800000	0.370414
ob3	19000000	20000000	0.371086
ob3	19200000	20200000	0.36961
ob3	19400000	20400000	0.367034
ob3	19600000	20600000	0.369314
ob3	19800000	20800000	0.370149
ob3	20000000	21000000	0.361922
ob3	20200000	21200000	0.357658
ob3	20400000	21400000	0.361174
ob3	20600000	21600000	0.361582
ob3	20800000	21800000	0.362788
ob3	21000000	22000000	0.372182
ob3	21200000	22200000	0.375932
ob3	21400000	22400000	0.378057
ob3	21600000	22600000	0.37588
ob3	21800000	22800000	0.379496
ob3	22000000	23000000	0.376765
ob3	22200000	23200000	0.374917
ob3	22400000	23400000	0.370818
ob3	22600000	23600000	0.375237
ob3	22800000	23800000	0.374604
ob3	23000000	24000000	0.376655
ob3	23200000	24200000	0.376736
ob3	23400000	24400000	0.37729
ob3	23600000	24600000	0.373029
ob3	23800000	24800000	0.373223
ob3	24000000	25000000	0.371332
ob3	24200000	25200000	0.382633
ob3	24400000	25400000	0.389027
ob3	24600000	25600000	0.393635
ob3	24800000	25800000	0.398279
ob3	25000000	26000000	0.400313
ob3	25200000	26200000	0.39854
ob3	25400000	26400000	0.396623
ob3	25600000	26600000	0.396905
ob3	25800000	26800000	0.390964
ob3	26000000	27000000	0.394632
ob3	26200000	27200000	0.393058
ob3	26400000	27400000	0.395236
ob3	26600000	27600000	0.397029
ob3	26800000	27800000	0.389458
ob3	27000000	28000000	0.382142
ob3	27200000	28200000	0.381604
ob3	27400000	28400000	0.376473
ob3	27600000	28600000	0.374536
ob3	27800000	28800000	0.385184
ob3	28000000	29000000	0.393639
ob3	28200000	29200000	0.393595
ob3	28400000	29400000	0.394297
ob3	28600000	29600000	0.39168
ob3	28800000	29620734	0.3910938257705907
ob3	29000000	29620734	0.3852874177989284
ob3	29200000	29620734	0.3811196623044489
ob3	29400000	29620734	0.3832304946224868
ob3	29600000	29620734	0.39292948779782
ob4	0	1000000	0.381019
ob4	200000	1200000	0.378546
ob4	400000	1400000	0.379822
ob4	600000	1600000	0.381274
ob4	800000	1800000	0.383111
ob4	1000000	2000000	0.377752
ob4	1200000	2200000	0.375594
ob4	1400000	2400000	0.368954
ob4	1600000	2600000	0.362373
ob4	1800000	2800000	0.352151
ob4	2000000	3000000	0.345599
ob4	2200000	3200000	0.34149
ob4	2400000	3400000	0.342785
ob4	2600000	3600000	0.333484
ob4	2800000	3800000	0.3361
ob4	3000000	4000000	0.340514
ob4	3200000	4200000	0.34513
ob4	3400000	4400000	0.349583
ob4	3600000	4600000	0.361002
ob4	3800000	4800000	0.362047
ob4	4000000	5000000	0.369257
ob4	4200000	5200000	0.37422
ob4	4400000	5400000	0.371824
ob4	4600000	5600000	0.372753
ob4	4800000	5800000	0.374629
ob4	5000000	6000000	0.369641
ob4	5200000	6200000	0.364369
ob4	5400000	6400000	0.365268
ob4	5600000	6600000	0.364921
ob4	5800000	6800000	0.365044
ob4	6000000	7000000	0.365185
ob4	6200000	7200000	0.368133
ob4	6400000	7400000	0.369689
ob4	6600000	7600000	0.36682
ob4	6800000	7800000	0.36907
ob4	7000000	8000000	0.366057
ob4	7200000	8200000	0.363115
ob4	7400000	8400000	0.358428
ob4	7600000	8600000	0.360348
ob4	7800000	8800000	0.36419
ob4	8000000	9000000	0.369448
ob4	8200000	9200000	0.379802
ob4	8400000	9400000	0.387909
ob4	8600000	9600000	0.393274
ob4	8800000	9800000	0.393981
ob4	9000000	10000000	0.393037
ob4	9200000	10200000	0.386834
ob4	9400000	10400000	0.383869
ob4	9600000	10600000	0.379116
ob4	9800000	10800000	0.374425
ob4	10000000	11000000	0.372966
ob4	10200000	11200000	0.380343
ob4	10400000	11400000	0.384676
ob4	10600000	11600000	0.390049
ob4	10800000	11800000	0.396276
ob4	11000000	12000000	0.403958
ob4	11200000	12200000	0.402937
ob4	11400000	12400000	0.390188
ob4	11600000	12600000	0.385788
ob4	11800000	12800000	0.387041
ob4	12000000	13000000	0.38687
ob4	12200000	13200000	0.387749
ob4	12400000	13400000	0.400001
ob4	12600000	13600000	0.403511
ob4	12800000	13800000	0.40586
ob4	13000000	14000000	0.406199
ob4	13200000	14200000	0.401942
ob4	13400000	14400000	0.405134
ob4	13600000	14600000	0.409748
ob4	13800000	14800000	0.41138
ob4	14000000	15000000	0.412551
ob4	14200000	15200000	0.418435
ob4	14400000	15400000	0.411419
ob4	14600000	15600000	0.406455
ob4	14800000	15800000	0.40087
ob4	15000000	16000000	0.398686
ob4	15200000	16200000	0.394903
ob4	15400000	16400000	0.400303
ob4	15600000	16600000	0.403809
ob4	15800000	16800000	0.409998
ob4	16000000	17000000	0.412877
ob4	16200000	17200000	0.416135
ob4	16400000	17400000	0.417314
ob4	16600000	17600000	0.412934
ob4	16800000	17800000	0.406933
ob4	17000000	18000000	0.40255
ob4	17200000	18200000	0.396311
ob4	17400000	18400000	0.392726
ob4	17600000	18600000	0.39343
ob4	17800000	18800000	0.397346
ob4	18000000	19000000	0.402353
ob4	18200000	19200000	0.402287
ob4	18400000	19400000	0.404058
ob4	18600000	19600000	0.404809
ob4	18800000	19800000	0.402377
ob4	19000000	20000000	0.395319
ob4	19200000	20200000	0.399463
ob4	19400000	20400000	0.398422
ob4	19600000	20600000	0.402158
ob4	19800000	20800000	0.404029
ob4	20000000	21000000	0.411034
ob4	20200000	21200000	0.409489
ob4	20400000	21400000	0.411495
ob4	20600000	21479432	0.4103591863839387
ob4	20800000	21479432	0.41028977145615747
ob4	21000000	21479432	0.4067458993141885
ob4	21200000	21479432	0.41138094420109367
ob4	21400000	21479432	0.403880048343237
ob5	0	1000000	0.375916
ob5	200000	1200000	0.373604
ob5	400000	1400000	0.369719
ob5	600000	1600000	0.364856
ob5	800000	1800000	0.36645
ob5	1000000	2000000	0.371353
ob5	1200000	2200000	0.371637
ob5	1400000	2400000	0.371031
ob5	1600000	2600000	0.368742
ob5	1800000	2800000	0.371385
ob5	2000000	3000000	0.370837
ob5	2200000	3200000	0.373129
ob5	2400000	3400000	0.373369
ob5	2600000	3600000	0.37589
ob5	2800000	3800000	0.377038
ob5	3000000	4000000	0.372926
ob5	3200000	4200000	0.370209
ob5	3400000	4400000	0.370178
ob5	3600000	4600000	0.366273
ob5	3800000	4800000	0.362717
ob5	4000000	5000000	0.366671
ob5	4200000	5200000	0.360958
ob5	4400000	5400000	0.360156
ob5	4600000	5600000	0.36143
ob5	4800000	5800000	0.364699
ob5	5000000	6000000	0.366901
ob5	5200000	6200000	0.373824
ob5	5400000	6400000	0.376613
ob5	5600000	6600000	0.376772
ob5	5800000	6800000	0.375219
ob5	6000000	7000000	0.371062
ob5	6200000	7200000	0.355241
ob5	6400000	7400000	0.351468
ob5	6600000	7600000	0.35611
ob5	6800000	7800000	0.354354
ob5	7000000	8000000	0.357064
ob5	7200000	8200000	0.367376
ob5	7400000	8400000	0.373378
ob5	7600000	8600000	0.368574
ob5	7800000	8800000	0.370032
ob5	8000000	9000000	0.371391
ob5	8200000	9200000	0.373989
ob5	8400000	9400000	0.367035
ob5	8600000	9600000	0.364484
ob5	8800000	9800000	0.362988
ob5	9000000	10000000	0.357806
ob5	9200000	10200000	0.357016
ob5	9400000	10400000	0.362016
ob5	9600000	10600000	0.371108
ob5	9800000	10800000	0.373267
ob5	10000000	11000000	0.378648
ob5	10200000	11200000	0.382936
ob5	10400000	11400000	0.385703
ob5	10600000	11600000	0.381574
ob5	10800000	11800000	0.382536
ob5	11000000	12000000	0.381841
ob5	11200000	12200000	0.379073
ob5	11400000	12400000	0.377808
ob5	11600000	12600000	0.380338
ob5	11800000	12800000	0.382196
ob5	12000000	13000000	0.38113
ob5	12200000	13200000	0.386563
ob5	12400000	13400000	0.390094
ob5	12600000	13600000	0.388921
ob5	12800000	13800000	0.390182
ob5	13000000	14000000	0.395517
ob5	13200000	14200000	0.393144
ob5	13400000	14400000	0.392699
ob5	13600000	14600000	0.392917
ob5	13800000	14800000	0.394189
ob5	14000000	15000000	0.394666
ob5	14200000	15200000	0.392481
ob5	14400000	15400000	0.393377
ob5	14600000	15600000	0.397226
ob5	14800000	15800000	0.39766
ob5	15000000	16000000	0.394084
ob5	15200000	16200000	0.400617
ob5	15400000	16400000	0.395132
ob5	15600000	16600000	0.391244
ob5	15800000	16800000	0.388979
ob5	16000000	17000000	0.389852
ob5	16200000	17200000	0.388989
ob5	16400000	17400000	0.388417
ob5	16600000	17600000	0.390698
ob5	16800000	17800000	0.392663
ob5	17000000	18000000	0.389041
ob5	17200000	18200000	0.38698
ob5	17400000	18400000	0.392482
ob5	17600000	18600000	0.391931
ob5	17800000	18800000	0.384534
ob5	18000000	19000000	0.386989
ob5	18200000	19200000	0.391021
ob5	18400000	19400000	0.392459
ob5	18600000	19600000	0.39249
ob5	18800000	19800000	0.398445
ob5	19000000	20000000	0.396948
ob5	19200000	20131956	0.3939338337861444
ob5	19400000	20131956	0.38924061009131694
ob5	19600000	20131956	0.3881185661972043
ob5	19800000	20131956	0.3867289640795768
ob5	20000000	20131956	0.40253569371608716
ob6	0	1000000	0.384275
ob6	200000	1200000	0.385609
ob6	400000	1400000	0.386499
ob6	600000	1600000	0.394828
ob6	800000	1800000	0.390235
ob6	1000000	2000000	0.385398
ob6	1200000	2200000	0.383086
ob6	1400000	2400000	0.382875
ob6	1600000	2600000	0.383185
ob6	1800000	2800000	0.384305
ob6	2000000	3000000	0.390229
ob6	2200000	3200000	0.388056
ob6	2400000	3400000	0.386553
ob6	2600000	3600000	0.384121
ob6	2800000	3800000	0.382421
ob6	3000000	4000000	0.376859
ob6	3200000	4200000	0.375255
ob6	3400000	4400000	0.374352
ob6	3600000	4600000	0.372916
ob6	3800000	4800000	0.375076
ob6	4000000	5000000	0.377781
ob6	4200000	5200000	0.382651
ob6	4400000	5400000	0.38604
ob6	4600000	5600000	0.389235
ob6	4800000	5800000	0.387069
ob6	5000000	6000000	0.388319
ob6	5200000	6200000	0.382206
ob6	5400000	6400000	0.376551
ob6	5600000	6600000	0.378478
ob6	5800000	6800000	0.374826
ob6	6000000	7000000	0.372435
ob6	6200000	7200000	0.370867
ob6	6400000	7400000	0.375185
ob6	6600000	7600000	0.377028
ob6	6800000	7800000	0.380934
ob6	7000000	8000000	0.376069
ob6	7200000	8200000	0.379481
ob6	7400000	8400000	0.374371
ob6	7600000	8600000	0.362653
ob6	7800000	8800000	0.361086
ob6	8000000	9000000	0.354957
ob6	8200000	9200000	0.346878
ob6	8400000	9400000	0.341331
ob6	8600000	9600000	0.34033
ob6	8800000	9800000	0.33867
ob6	9000000	10000000	0.344755
ob6	9200000	10200000	0.35167
ob6	9400000	10400000	0.34913
ob6	9600000	10600000	0.351232
ob6	9800000	10800000	0.349313
ob6	10000000	11000000	0.355306
ob6	10200000	11200000	0.35545
ob6	10400000	11400000	0.362493
ob6	10600000	11600000	0.36807
ob6	10800000	11800000	0.369095
ob6	11000000	12000000	0.365334
ob6	11200000	12200000	0.367298
ob6	11400000	12400000	0.371252
ob6	11600000	12600000	0.366749
ob6	11800000	12800000	0.372707
ob6	12000000	13000000	0.375955
ob6	12200000	13200000	0.376536
ob6	12400000	13400000	0.372701
ob6	12600000	13600000	0.370564
ob6	12800000	13800000	0.369363
ob6	13000000	14000000	0.368972
ob6	13200000	14200000	0.368063
ob6	13400000	14400000	0.372464
ob6	13600000	14600000	0.374509
ob6	13800000	14800000	0.373106
ob6	14000000	15000000	0.372578
ob6	14200000	15200000	0.373241
ob6	14400000	15400000	0.375691
ob6	14600000	15600000	0.378906
ob6	14800000	15800000	0.380788
ob6	15000000	16000000	0.38282
ob6	15200000	16200000	0.383291
ob6	15400000	16400000	0.375826
ob6	15600000	16600000	0.377945
ob6	15800000	16800000	0.37612
ob6	16000000	17000000	0.373958
ob6	16200000	17200000	0.373249
ob6	16400000	17400000	0.382147
ob6	16600000	17600000	0.381931
ob6	16800000	17800000	0.385909
ob6	17000000	18000000	0.386775
ob6	17200000	18200000	0.382133
ob6	17400000	18400000	0.378489
ob6	17600000	18600000	0.377021
ob6	17800000	18800000	0.370117
ob6	18000000	19000000	0.362991
ob6	18200000	19200000	0.369043
ob6	18400000	19400000	0.367327
ob6	18600000	19600000	0.363709
ob6	18800000	19800000	0.372623
ob6	19000000	20000000	0.38522
ob6	19200000	20200000	0.390203
ob6	19400000	20400000	0.393077
ob6	19600000	20600000	0.393634
ob6	19800000	20800000	0.386851
ob6	20000000	21000000	0.387057
ob6	20200000	21200000	0.380103
ob6	20400000	21400000	0.383277
ob6	20600000	21600000	0.389326
ob6	20800000	21794218	0.39547362852010326
ob6	21000000	21794218	0.3919150661405307
ob6	21200000	21794218	0.398493482190038
ob6	21400000	21794218	0.3989163356315541
ob6	21600000	21794218	0.40171353839499946
ob7	0	1000000	0.393181
ob7	200000	1200000	0.394184
ob7	400000	1400000	0.388633
ob7	600000	1600000	0.389028
ob7	800000	1800000	0.383847
ob7	1000000	2000000	0.375503
ob7	1200000	2200000	0.369339
ob7	1400000	2400000	0.367395
ob7	1600000	2600000	0.36113
ob7	1800000	2800000	0.364655
ob7	2000000	3000000	0.373121
ob7	2200000	3200000	0.37621
ob7	2400000	3400000	0.373363
ob7	2600000	3600000	0.369394
ob7	2800000	3800000	0.365664
ob7	3000000	4000000	0.359465
ob7	3200000	4200000	0.354835
ob7	3400000	4400000	0.35862
ob7	3600000	4600000	0.368207
ob7	3800000	4800000	0.36996
ob7	4000000	5000000	0.370292
ob7	4200000	5200000	0.371032
ob7	4400000	5400000	0.36799
ob7	4600000	5600000	0.361367
ob7	4800000	5800000	0.356904
ob7	5000000	6000000	0.361595
ob7	5200000	6200000	0.360253
ob7	5400000	6400000	0.361547
ob7	5600000	6600000	0.363738
ob7	5800000	6800000	0.368384
ob7	6000000	7000000	0.366805
ob7	6200000	7200000	0.365541
ob7	6400000	7400000	0.370778
ob7	6600000	7600000	0.36719
ob7	6800000	7800000	0.371601
ob7	7000000	8000000	0.37247
ob7	7200000	8200000	0.372332
ob7	7400000	8400000	0.372023
ob7	7600000	8600000	0.376952
ob7	7800000	8800000	0.374468
ob7	8000000	9000000	0.377816
ob7	8200000	9200000	0.379341
ob7	8400000	9400000	0.379573
ob7	8600000	9600000	0.381131
ob7	8800000	9800000	0.379743
ob7	9000000	10000000	0.376745
ob7	9200000	10200000	0.384082
ob7	9400000	10400000	0.375899
ob7	9600000	10600000	0.378129
ob7	9800000	10800000	0.380476
ob7	10000000	11000000	0.382154
ob7	10200000	11200000	0.376381
ob7	10400000	11400000	0.380445
ob7	10600000	11600000	0.36847
ob7	10800000	11800000	0.369696
ob7	11000000	12000000	0.373557
ob7	11200000	12200000	0.378148
ob7	11400000	12400000	0.378885
ob7	11600000	12600000	0.384877
ob7	11800000	12800000	0.386872
ob7	12000000	13000000	0.385617
ob7	12200000	13200000	0.381294
ob7	12400000	13400000	0.383939
ob7	12600000	13600000	0.38812
ob7	12800000	13800000	0.385238
ob7	13000000	14000000	0.383745
ob7	13200000	14200000	0.377479
ob7	13400000	14400000	0.372145
ob7	13600000	14600000	0.37304
ob7	13800000	14800000	0.371516
ob7	14000000	15000000	0.36711
ob7	14200000	15200000	0.376137
ob7	14400000	15400000	0.381355
ob7	14600000	15600000	0.382591
ob7	14800000	15800000	0.387097
ob7	15000000	16000000	0.387169
ob7	15200000	16200000	0.389184
ob7	15400000	16400000	0.391249
ob7	15600000	16600000	0.390598
ob7	15800000	16800000	0.390622
ob7	16000000	17000000	0.390362
ob7	16200000	17200000	0.387728
ob7	16400000	17400000	0.385641
ob7	16600000	17600000	0.387668
ob7	16800000	17800000	0.383456
ob7	17000000	18000000	0.385813
ob7	17200000	18200000	0.38967
ob7	17400000	18400000	0.391589
ob7	17600000	18600000	0.391679
ob7	17800000	18603524	0.39412015073600787
ob7	18000000	18603524	0.398640319191946
ob7	18200000	18603524	0.39907663484699796
ob7	18400000	18603524	0.4008470745464908
ob7	18600000	18603524	0.40380249716231553
ob8	0	1000000	0.381627
ob8	200000	1200000	0.385528
ob8	400000	1400000	0.387327
ob8	600000	1600000	0.387866
ob8	800000	1800000	0.37532
ob8	1000000	2000000	0.373577
ob8	1200000	2200000	0.368897
ob8	1400000	2400000	0.366707
ob8	1600000	2600000	0.365317
ob8	1800000	2800000	0.377895
ob8	2000000	3000000	0.374637
ob8	2200000	3200000	0.362691
ob8	2400000	3400000	0.364594
ob8	2600000	3600000	0.364437
ob8	2800000	3800000	0.356532
ob8	3000000	4000000	0.35764
ob8	3200000	4200000	0.372551
ob8	3400000	4400000	0.368484
ob8	3600000	4600000	0.367304
ob8	3800000	4800000	0.372791
ob8	4000000	5000000	0.374041
ob8	4200000	5200000	0.36489
ob8	4400000	5400000	0.365709
ob8	4600000	5600000	0.363734
ob8	4800000	5800000	0.355879
ob8	5000000	6000000	0.351217
ob8	5200000	6200000	0.358737
ob8	5400000	6400000	0.361994
ob8	5600000	6600000	0.362995
ob8	5800000	6800000	0.369793
ob8	6000000	7000000	0.372745
ob8	6200000	7200000	0.368845
ob8	6400000	7400000	0.363282
ob8	6600000	7600000	0.360755
ob8	6800000	7800000	0.359202
ob8	7000000	8000000	0.358739
ob8	7200000	8200000	0.360196
ob8	7400000	8400000	0.361172
ob8	7600000	8600000	0.366121
ob8	7800000	8800000	0.364004
ob8	8000000	9000000	0.362311
ob8	8200000	9200000	0.365999
ob8	8400000	9400000	0.365003
ob8	8600000	9600000	0.358787
ob8	8800000	9800000	0.360452
ob8	9000000	10000000	0.36396
ob8	9200000	10200000	0.357508
ob8	9400000	10400000	0.360632
ob8	9600000	10600000	0.364089
ob8	9800000	10800000	0.364517
ob8	10000000	11000000	0.357156
ob8	10200000	11200000	0.363775
ob8	10400000	11400000	0.365039
ob8	10600000	11600000	0.367191
ob8	10800000	11800000	0.367123
ob8	11000000	12000000	0.371339
ob8	11200000	12200000	0.372567
ob8	11400000	12400000	0.36575
ob8	11600000	12600000	0.357724
ob8	11800000	12800000	0.35742
ob8	12000000	13000000	0.359632
ob8	12200000	13200000	0.363504
ob8	12400000	13400000	0.372333
ob8	12600000	13600000	0.379737
ob8	12800000	13800000	0.383767
ob8	13000000	14000000	0.376355
ob8	13200000	14200000	0.372096
ob8	13400000	14400000	0.371806
ob8	13600000	14600000	0.372842
ob8	13800000	14800000	0.373142
ob8	14000000	15000000	0.385687
ob8	14200000	15200000	0.386067
ob8	14400000	15400000	0.388365
ob8	14600000	15600000	0.389012
ob8	14800000	15800000	0.381815
ob8	15000000	16000000	0.380448
ob8	15200000	16200000	0.382139
ob8	15400000	16400000	0.379748
ob8	15600000	16600000	0.38246
ob8	15800000	16800000	0.386046
ob8	16000000	17000000	0.382726
ob8	16200000	17200000	0.380468
ob8	16400000	17400000	0.382512
ob8	16600000	17600000	0.382973
ob8	16800000	17800000	0.388412
ob8	17000000	18000000	0.394102
ob8	17200000	18200000	0.394385
ob8	17400000	18224760	0.3941728502837189
ob8	17600000	18224760	0.39449228503745437
ob8	17800000	18224760	0.3911644222619832
ob8	18000000	18224760	0.38516195052500446
ob8	18200000	18224760	0.4111873990306947
ob9	0	1000000	0.340689
ob9	200000	1200000	0.344518
ob9	400000	1400000	0.35629
ob9	600000	1600000	0.346774
ob9	800000	1800000	0.345528
ob9	1000000	2000000	0.351879
ob9	1200000	2200000	0.355248
ob9	1400000	2400000	0.354659
ob9	1600000	2600000	0.359181
ob9	1800000	2800000	0.36466
ob9	2000000	3000000	0.363741
ob9	2200000	3200000	0.362745
ob9	2400000	3400000	0.366491
ob9	2600000	3600000	0.364793
ob9	2800000	3800000	0.371839
ob9	3000000	4000000	0.364847
ob9	3200000	4200000	0.364558
ob9	3400000	4400000	0.359446
ob9	3600000	4600000	0.369435
ob9	3800000	4800000	0.367745
ob9	4000000	5000000	0.374578
ob9	4200000	5200000	0.374889
ob9	4400000	5400000	0.380743
ob9	4600000	5600000	0.379383
ob9	4800000	5800000	0.374103
ob9	5000000	6000000	0.369241
ob9	5200000	6200000	0.370942
ob9	5400000	6400000	0.362496
ob9	5600000	6600000	0.360994
ob9	5800000	6800000	0.361148
ob9	6000000	7000000	0.36528
ob9	6200000	7200000	0.364755
ob9	6400000	7400000	0.368718
ob9	6600000	7600000	0.365454
ob9	6800000	7800000	0.370677
ob9	7000000	8000000	0.366808
ob9	7200000	8200000	0.373035
ob9	7400000	8400000	0.374172
ob9	7600000	8600000	0.381415
ob9	7800000	8800000	0.378214
ob9	8000000	9000000	0.385461
ob9	8200000	9200000	0.385635
ob9	8400000	9400000	0.397004
ob9	8600000	9600000	0.398669
ob9	8800000	9800000	0.405827
ob9	9000000	10000000	0.403094
ob9	9200000	10200000	0.397235
ob9	9400000	10400000	0.391214
ob9	9600000	10600000	0.385239
ob9	9800000	10800000	0.383101
ob9	10000000	11000000	0.38367
ob9	10200000	11200000	0.379509
ob9	10400000	11400000	0.373446
ob9	10600000	11600000	0.374669
ob9	10800000	11800000	0.373241
ob9	11000000	12000000	0.371988
ob9	11200000	12200000	0.382655
ob9	11400000	12400000	0.392691
ob9	11600000	12600000	0.391906
ob9	11800000	12800000	0.394742
ob9	12000000	13000000	0.395665
ob9	12200000	13200000	0.393467
ob9	12400000	13400000	0.39146
ob9	12600000	13600000	0.398801
ob9	12800000	13800000	0.396823
ob9	13000000	14000000	0.402474
ob9	13200000	14107269	0.4037126805831567
ob9	13400000	14107269	0.4033486551792882
ob9	13600000	14107269	0.40055473525880747
ob9	13800000	14107269	0.4092147271608916
ob9	14000000	14107269	0.4046742302063038
ob10	0	1000000	0.380122
ob10	200000	1200000	0.381314
ob10	400000	1400000	0.385123
ob10	600000	1600000	0.381447
ob10	800000	1800000	0.380579
ob10	1000000	2000000	0.376563
ob10	1200000	2200000	0.37034
ob10	1400000	2400000	0.3682
ob10	1600000	2600000	0.37064
ob10	1800000	2800000	0.369982
ob10	2000000	3000000	0.366651
ob10	2200000	3200000	0.36573
ob10	2400000	3400000	0.36191
ob10	2600000	3600000	0.353315
ob10	2800000	3800000	0.346561
ob10	3000000	4000000	0.336523
ob10	3200000	4200000	0.339701
ob10	3400000	4400000	0.332866
ob10	3600000	4600000	0.330164
ob10	3800000	4800000	0.330854
ob10	4000000	5000000	0.344277
ob10	4200000	5200000	0.343384
ob10	4400000	5400000	0.34894
ob10	4600000	5600000	0.358688
ob10	4800000	5800000	0.365318
ob10	5000000	6000000	0.364691
ob10	5200000	6200000	0.365175
ob10	5400000	6400000	0.369451
ob10	5600000	6600000	0.363367
ob10	5800000	6800000	0.3618
ob10	6000000	7000000	0.356916
ob10	6200000	7200000	0.352915
ob10	6400000	7400000	0.351226
ob10	6600000	7600000	0.359253
ob10	6800000	7800000	0.362954
ob10	7000000	8000000	0.366585
ob10	7200000	8200000	0.369316
ob10	7400000	8400000	0.374195
ob10	7600000	8600000	0.372171
ob10	7800000	8800000	0.373544
ob10	8000000	9000000	0.375406
ob10	8200000	9200000	0.3795
ob10	8400000	9400000	0.380954
ob10	8600000	9600000	0.380688
ob10	8800000	9800000	0.380265
ob10	9000000	10000000	0.384981
ob10	9200000	10200000	0.385481
ob10	9400000	10400000	0.382154
ob10	9600000	10600000	0.382527
ob10	9800000	10800000	0.385332
ob10	10000000	11000000	0.378763
ob10	10200000	11200000	0.380542
ob10	10400000	11400000	0.386326
ob10	10600000	11600000	0.390381
ob10	10800000	11800000	0.386162
ob10	11000000	12000000	0.389085
ob10	11200000	12200000	0.383497
ob10	11400000	12400000	0.382755
ob10	11600000	12600000	0.384322
ob10	11800000	12800000	0.387177
ob10	12000000	13000000	0.388683
ob10	12200000	13200000	0.395702
ob10	12400000	13400000	0.397287
ob10	12600000	13600000	0.398186
ob10	12800000	13800000	0.392834
ob10	13000000	14000000	0.389232
ob10	13200000	14200000	0.38739
ob10	13400000	14400000	0.387191
ob10	13600000	14600000	0.386911
ob10	13800000	14643570	0.3908460471567268
ob10	14000000	14643570	0.3974392839939711
ob10	14200000	14643570	0.40016908267015355
ob10	14400000	14643570	0.40084575276101325
ob10	14600000	14643570	0.3710810190498049
ob11	0	1000000	0.374157
ob11	200000	1200000	0.375425
ob11	400000	1400000	0.37549
ob11	600000	1600000	0.377359
ob11	800000	1800000	0.381615
ob11	1000000	2000000	0.380514
ob11	1200000	2200000	0.380586
ob11	1400000	2400000	0.379488
ob11	1600000	2600000	0.374284
ob11	1800000	2800000	0.377941
ob11	2000000	3000000	0.378252
ob11	2200000	3200000	0.37326
ob11	2400000	3400000	0.373582
ob11	2600000	3600000	0.377909
ob11	2800000	3800000	0.372846
ob11	3000000	4000000	0.374797
ob11	3200000	4200000	0.381625
ob11	3400000	4400000	0.382648
ob11	3600000	4600000	0.376476
ob11	3800000	4800000	0.375777
ob11	4000000	5000000	0.374824
ob11	4200000	5200000	0.37196
ob11	4400000	5400000	0.367467
ob11	4600000	5600000	0.369052
ob11	4800000	5800000	0.370914
ob11	5000000	6000000	0.366435
ob11	5200000	6200000	0.363463
ob11	5400000	6400000	0.364345
ob11	5600000	6600000	0.359455
ob11	5800000	6800000	0.352131
ob11	6000000	7000000	0.351003
ob11	6200000	7200000	0.357322
ob11	6400000	7400000	0.350438
ob11	6600000	7600000	0.358044
ob11	6800000	7800000	0.355067
ob11	7000000	8000000	0.350491
ob11	7200000	8200000	0.343058
ob11	7400000	8400000	0.346019
ob11	7600000	8600000	0.346566
ob11	7800000	8800000	0.350775
ob11	8000000	9000000	0.356067
ob11	8200000	9200000	0.363416
ob11	8400000	9400000	0.370079
ob11	8600000	9600000	0.369337
ob11	8800000	9800000	0.372863
ob11	9000000	10000000	0.375227
ob11	9200000	10200000	0.370314
ob11	9400000	10400000	0.369178
ob11	9600000	10600000	0.368128
ob11	9800000	10800000	0.369159
ob11	10000000	11000000	0.37268
ob11	10200000	11200000	0.372174
ob11	10400000	11400000	0.370965
ob11	10600000	11600000	0.364947
ob11	10800000	11800000	0.359628
ob11	11000000	12000000	0.357177
ob11	11200000	12200000	0.361665
ob11	11400000	12400000	0.360111
ob11	11600000	12600000	0.363751
ob11	11800000	12800000	0.366892
ob11	12000000	13000000	0.367901
ob11	12200000	13200000	0.361672
ob11	12400000	13400000	0.368025
ob11	12600000	13600000	0.369891
ob11	12800000	13800000	0.376206
ob11	13000000	14000000	0.378546
ob11	13200000	14200000	0.380258
ob11	13400000	14400000	0.373775
ob11	13600000	14600000	0.376659
ob11	13800000	14800000	0.372859
ob11	14000000	15000000	0.372581
ob11	14200000	15200000	0.379119
ob11	14400000	15400000	0.384402
ob11	14600000	15600000	0.384533
ob11	14800000	15800000	0.390159
ob11	15000000	16000000	0.394737
ob11	15200000	16001410	0.3960319936112602
ob11	15400000	16001410	0.3979431668911392
ob11	15600000	16001410	0.40512194514336963
ob11	15800000	16001410	0.4132863313638846
ob11	16000000	16001410	0.36737588652482267
ob12	0	1000000	0.369697
ob12	200000	1200000	0.372121
ob12	400000	1400000	0.373928
ob12	600000	1600000	0.379085
ob12	800000	1800000	0.376261
ob12	1000000	2000000	0.377678
ob12	1200000	2200000	0.377596
ob12	1400000	2400000	0.372383
ob12	1600000	2600000	0.370106
ob12	1800000	2800000	0.367535
ob12	2000000	3000000	0.364154
ob12	2200000	3200000	0.36202
ob12	2400000	3400000	0.361221
ob12	2600000	3600000	0.360495
ob12	2800000	3800000	0.366207
ob12	3000000	4000000	0.368623
ob12	3200000	4200000	0.369889
ob12	3400000	4400000	0.373935
ob12	3600000	4600000	0.375935
ob12	3800000	4800000	0.37218
ob12	4000000	5000000	0.369945
ob12	4200000	5200000	0.370637
ob12	4400000	5400000	0.3716
ob12	4600000	5600000	0.371183
ob12	4800000	5800000	0.368693
ob12	5000000	6000000	0.363909
ob12	5200000	6200000	0.356866
ob12	5400000	6400000	0.34648
ob12	5600000	6600000	0.341553
ob12	5800000	6800000	0.341393
ob12	6000000	7000000	0.345919
ob12	6200000	7200000	0.355765
ob12	6400000	7400000	0.361276
ob12	6600000	7600000	0.36171
ob12	6800000	7800000	0.361737
ob12	7000000	8000000	0.363549
ob12	7200000	8200000	0.34693
ob12	7400000	8400000	0.350121
ob12	7600000	8600000	0.348787
ob12	7800000	8800000	0.350321
ob12	8000000	9000000	0.352113
ob12	8200000	9200000	0.354435
ob12	8400000	9400000	0.352335
ob12	8600000	9600000	0.362305
ob12	8800000	9800000	0.363508
ob12	9000000	10000000	0.362533
ob12	9200000	10200000	0.374726
ob12	9400000	10400000	0.376366
ob12	9600000	10600000	0.371537
ob12	9800000	10800000	0.370436
ob12	10000000	11000000	0.369527
ob12	10200000	11200000	0.367638
ob12	10400000	11400000	0.362735
ob12	10600000	11600000	0.363865
ob12	10800000	11800000	0.366957
ob12	11000000	12000000	0.365325
ob12	11200000	12200000	0.366133
ob12	11400000	12400000	0.372856
ob12	11600000	12600000	0.373673
ob12	11800000	12800000	0.372505
ob12	12000000	13000000	0.377383
ob12	12200000	13200000	0.375117
ob12	12400000	13400000	0.371144
ob12	12600000	13600000	0.370782
ob12	12800000	13800000	0.369666
ob12	13000000	14000000	0.373314
ob12	13200000	14200000	0.382495
ob12	13400000	14400000	0.388038
ob12	13600000	14600000	0.384572
ob12	13800000	14800000	0.385731
ob12	14000000	15000000	0.385764
ob12	14200000	15200000	0.385433
ob12	14400000	15318893	0.3848445901753523
ob12	14600000	15318893	0.3906506253364548
ob12	14800000	15318893	0.39430865322908576
ob12	15000000	15318893	0.39940669754431735
ob12	15200000	15318893	0.3912846004390502
