ob1	1	1000000	0.390164
ob1	1000001	2000000	0.454733
ob1	2000001	3000000	0.419724
ob1	3000001	4000000	0.428668
ob1	4000001	5000000	0.482395
ob1	5000001	6000000	0.441343
ob1	6000001	7000000	0.499542
ob1	7000001	8000000	0.551349
ob1	8000001	9000000	0.590398
ob1	9000001	10000000	0.610161
ob1	10000001	11000000	0.648415
ob1	11000001	12000000	0.65585
ob1	12000001	13000000	0.755394
ob1	13000001	14000000	0.721799
ob1	14000001	15000000	0.77753
ob1	15000001	16000000	0.643295
ob1	16000001	17000000	0.54228
ob1	17000001	18000000	0.50242
ob1	18000001	19000000	0.518269
ob1	19000001	20000000	0.573753
ob1	20000001	21000000	0.49139
ob1	21000001	22000000	0.486562
ob1	22000001	23000000	0.480588
ob1	23000001	24000000	0.50136
ob1	24000001	25000000	0.428671
ob1	25000001	26000000	0.461015
ob1	26000001	27000000	0.486674
ob1	27000001	28000000	0.406632
ob1	28000001	29000000	0.465051
ob1	29000001	30000000	0.452673
ob1	30000001	31000000	0.377731
ob1	31000001	32000000	0.428799
ob1	32000001	33000000	0.459168
ob1	33000001	33916305	0.455549189407457
ob2	1	1000000	0.350724
ob2	1000001	2000000	0.347138
ob2	2000001	3000000	0.439083
ob2	3000001	4000000	0.486687
ob2	4000001	5000000	0.40444
ob2	5000001	6000000	0.526119
ob2	6000001	7000000	0.571036
ob2	7000001	8000000	0.596557
ob2	8000001	9000000	0.648517
ob2	9000001	10000000	0.775887
ob2	10000001	11000000	0.76707
ob2	11000001	12000000	0.768955
ob2	12000001	13000000	0.654349
ob2	13000001	14000000	0.528403
ob2	14000001	15000000	0.507049
ob2	15000001	16000000	0.514704
ob2	16000001	17000000	0.44656
ob2	17000001	18000000	0.515634
ob2	18000001	19000000	0.463663
ob2	19000001	20000000	0.493608
ob2	20000001	21000000	0.430624
ob2	21000001	22000000	0.452515
ob2	22000001	23000000	0.394536
ob2	23000001	24000000	0.413711
ob2	24000001	25000000	0.345767
ob2	25000001	26000000	0.373887
ob2	26000001	27000000	0.318418
ob2	27000001	27085147	0.484785136293704
ob3	1	1000000	0.391023
ob3	1000001	2000000	0.393386
ob3	2000001	3000000	0.3975
ob3	3000001	4000000	0.370519
ob3	4000001	5000000	0.451974
ob3	5000001	6000000	0.41508
ob3	6000001	7000000	0.465244
ob3	7000001	8000000	0.461633
ob3	8000001	9000000	0.488882
ob3	9000001	10000000	0.418441
ob3	10000001	11000000	0.488964
ob3	11000001	12000000	0.48312
ob3	12000001	13000000	0.509413
ob3	13000001	14000000	0.599901
ob3	14000001	15000000	0.590672
ob3	15000001	16000000	0.702777
ob3	16000001	17000000	0.898204
ob3	17000001	18000000	0.762813
ob3	18000001	19000000	0.565774
ob3	19000001	20000000	0.537539
ob3	20000001	21000000	0.496321
ob3	21000001	22000000	0.513971
ob3	22000001	23000000	0.500185
ob3	23000001	24000000	0.475165
ob3	24000001	25000000	0.401642
ob3	25000001	26000000	0.433497
ob3	26000001	27000000	0.39279
ob3	27000001	28000000	0.340544
ob3	28000001	29000000	0.34363
ob3	29000001	29620734	0.375560223864006
ob4	1	1000000	0.696591
ob4	1000001	2000000	0.708961
ob4	2000001	3000000	0.747498
ob4	3000001	4000000	0.806633
ob4	4000001	5000000	0.763998
ob4	5000001	6000000	0.644207
ob4	6000001	7000000	0.646571
ob4	7000001	8000000	0.561414
ob4	8000001	9000000	0.476924
ob4	9000001	10000000	0.578481
ob4	10000001	11000000	0.457284
ob4	11000001	12000000	0.493095
ob4	12000001	13000000	0.381508
ob4	13000001	14000000	0.440495
ob4	14000001	15000000	0.438086
ob4	15000001	16000000	0.460045
ob4	16000001	17000000	0.399132
ob4	17000001	18000000	0.361547
ob4	18000001	19000000	0.343084
ob4	19000001	20000000	0.372877
ob4	20000001	21000000	0.312032
ob4	21000001	21479432	0.366821572193763
ob5	1	1000000	0.351613
ob5	1000001	2000000	0.446452
ob5	2000001	3000000	0.474251
ob5	3000001	4000000	0.603301
ob5	4000001	5000000	0.616965
ob5	5000001	6000000	0.701849
ob5	6000001	7000000	0.712969
ob5	7000001	8000000	0.747431
ob5	8000001	9000000	0.65615
ob5	9000001	10000000	0.617892
ob5	10000001	11000000	0.617905
ob5	11000001	12000000	0.521699
ob5	12000001	13000000	0.552395
ob5	13000001	14000000	0.527823
ob5	14000001	15000000	0.506343
ob5	15000001	16000000	0.438742
ob5	16000001	17000000	0.450284
ob5	17000001	18000000	0.425275
ob5	18000001	19000000	0.353547
ob5	19000001	20000000	0.396421
ob5	20000001	20131956	0.543779744763406
ob6	1	1000000	0.320504
ob6	1000001	2000000	0.420878
ob6	2000001	3000000	0.435836
ob6	3000001	4000000	0.548974
ob6	4000001	5000000	0.560896
ob6	5000001	6000000	0.503284
ob6	6000001	7000000	0.575709
ob6	7000001	8000000	0.587938
ob6	8000001	9000000	0.702362
ob6	9000001	10000000	0.851556
ob6	10000001	11000000	0.826328
ob6	11000001	12000000	0.746652
ob6	12000001	13000000	0.675803
ob6	13000001	14000000	0.651512
ob6	14000001	15000000	0.662964
ob6	15000001	16000000	0.685384
ob6	16000001	17000000	0.623785
ob6	17000001	18000000	0.487257
ob6	18000001	19000000	0.45335
ob6	19000001	20000000	0.415583
ob6	20000001	21000000	0.452083
ob6	21000001	21794218	0.331555064226698
ob7	1	1000000	0.483205
ob7	1000001	2000000	0.524671
ob7	2000001	3000000	0.489373
ob7	3000001	4000000	0.537396
ob7	4000001	5000000	0.687306
ob7	5000001	6000000	0.643604
ob7	6000001	7000000	0.753059
ob7	7000001	8000000	0.811268
ob7	8000001	9000000	0.692018
ob7	9000001	10000000	0.649169
ob7	10000001	11000000	0.569264
ob7	11000001	12000000	0.610696
ob7	12000001	13000000	0.641365
ob7	13000001	14000000	0.467819
ob7	14000001	15000000	0.420624
ob7	15000001	16000000	0.397732
ob7	16000001	17000000	0.338148
ob7	17000001	18000000	0.454175
ob7	18000001	18603524	0.394373711733088
ob8	1	1000000	0.416164
ob8	1000001	2000000	0.40447
ob8	2000001	3000000	0.511881
ob8	3000001	4000000	0.519757
ob8	4000001	5000000	0.637681
ob8	5000001	6000000	0.622366
ob8	6000001	7000000	0.740685
ob8	7000001	8000000	0.858593
ob8	8000001	9000000	0.786376
ob8	9000001	10000000	0.67932
ob8	10000001	11000000	0.709174
ob8	11000001	12000000	0.624421
ob8	12000001	13000000	0.522684
ob8	13000001	14000000	0.530925
ob8	14000001	15000000	0.488992
ob8	15000001	16000000	0.460221
ob8	16000001	17000000	0.357371
ob8	17000001	18000000	0.427323
ob8	18000001	18224760	0.549345969033636
ob9	1	1000000	0.738746
ob9	1000001	2000000	0.7303
ob9	2000001	3000000	0.714501
ob9	3000001	4000000	0.688315
ob9	4000001	5000000	0.711041
ob9	5000001	6000000	0.540669
ob9	6000001	7000000	0.49945
ob9	7000001	8000000	0.547354
ob9	8000001	9000000	0.568998
ob9	9000001	10000000	0.449021
ob9	10000001	11000000	0.392757
ob9	11000001	12000000	0.408102
ob9	12000001	13000000	0.343355
ob9	13000001	14000000	0.356269
ob9	14000001	14107269	0.695587728048178
ob10	1	1000000	0.737795
ob10	1000001	2000000	0.640413
ob10	2000001	3000000	0.717531
ob10	3000001	4000000	0.803942
ob10	4000001	5000000	0.780265
ob10	5000001	6000000	0.824281
ob10	6000001	7000000	0.746489
ob10	7000001	8000000	0.575482
ob10	8000001	9000000	0.455347
ob10	9000001	10000000	0.542927
ob10	10000001	11000000	0.469276
ob10	11000001	12000000	0.416418
ob10	12000001	13000000	0.446273
ob10	13000001	14000000	0.369568
ob10	14000001	14643570	0.35436549248722
ob11	1	1000000	0.420274
ob11	1000001	2000000	0.413671
ob11	2000001	3000000	0.506758
ob11	3000001	4000000	0.561834
ob11	4000001	5000000	0.647405
ob11	5000001	6000000	0.709841
ob11	6000001	7000000	0.773966
ob11	7000001	8000000	0.79973
ob11	8000001	9000000	0.84393
ob11	9000001	10000000	0.701206
ob11	10000001	11000000	0.657391
ob11	11000001	12000000	0.612541
ob11	12000001	13000000	0.506705
ob11	13000001	14000000	0.511779
ob11	14000001	15000000	0.49096
ob11	15000001	16000000	0.525281
ob11	16000001	16001410	0.149645390070922
ob12	1	1000000	0.41979
ob12	1000001	2000000	0.475383
ob12	2000001	3000000	0.506078
ob12	3000001	4000000	0.507784
ob12	4000001	5000000	0.779276
ob12	5000001	6000000	0.805143
ob12	6000001	7000000	0.800855
ob12	7000001	8000000	0.787375
ob12	8000001	9000000	0.7663
ob12	9000001	10000000	0.709424
ob12	10000001	11000000	0.527397
ob12	11000001	12000000	0.467356
ob12	12000001	13000000	0.398719
ob12	13000001	14000000	0.461734
ob12	14000001	15000000	0.396132
ob12	15000001	15318893	0.486821598467197