os1	0	1000000	0.440093
os1	200000	1200000	0.433747
os1	400000	1400000	0.439901
os1	600000	1600000	0.442963
os1	800000	1800000	0.444162
os1	1000000	2000000	0.44221
os1	1200000	2200000	0.447638
os1	1400000	2400000	0.442152
os1	1600000	2600000	0.436603
os1	1800000	2800000	0.435124
os1	2000000	3000000	0.436319
os1	2200000	3200000	0.437928
os1	2400000	3400000	0.442292
os1	2600000	3600000	0.441322
os1	2800000	3800000	0.44367
os1	3000000	4000000	0.435173
os1	3200000	4200000	0.42658
os1	3400000	4400000	0.421875
os1	3600000	4600000	0.425548
os1	3800000	4800000	0.425255
os1	4000000	5000000	0.42926
os1	4200000	5200000	0.429049
os1	4400000	5400000	0.430343
os1	4600000	5600000	0.426153
os1	4800000	5800000	0.422905
os1	5000000	6000000	0.4254
os1	5200000	6200000	0.428711
os1	5400000	6400000	0.430431
os1	5600000	6600000	0.432332
os1	5800000	6800000	0.437573
os1	6000000	7000000	0.435208
os1	6200000	7200000	0.433243
os1	6400000	7400000	0.43208
os1	6600000	7600000	0.431242
os1	6800000	7800000	0.435519
os1	7000000	8000000	0.433706
os1	7200000	8200000	0.437983
os1	7400000	8400000	0.439284
os1	7600000	8600000	0.440058
os1	7800000	8800000	0.433259
os1	8000000	9000000	0.434637
os1	8200000	9200000	0.428371
os1	8400000	9400000	0.428784
os1	8600000	9600000	0.427828
os1	8800000	9800000	0.423878
os1	9000000	10000000	0.422751
os1	9200000	10200000	0.431826
os1	9400000	10400000	0.432213
os1	9600000	10600000	0.438976
os1	9800000	10800000	0.443478
os1	10000000	11000000	0.447361
os1	10200000	11200000	0.440157
os1	10400000	11400000	0.438085
os1	10600000	11600000	0.429798
os1	10800000	11800000	0.429245
os1	11000000	12000000	0.424477
os1	11200000	12200000	0.426491
os1	11400000	12400000	0.423379
os1	11600000	12600000	0.430331
os1	11800000	12800000	0.43546
os1	12000000	13000000	0.43881
os1	12200000	13200000	0.443134
os1	12400000	13400000	0.443685
os1	12600000	13600000	0.441108
os1	12800000	13800000	0.438719
os1	13000000	14000000	0.436725
os1	13200000	14200000	0.43086
os1	13400000	14400000	0.430457
os1	13600000	14600000	0.430274
os1	13800000	14800000	0.428586
os1	14000000	15000000	0.426319
os1	14200000	15200000	0.43137
os1	14400000	15400000	0.435821
os1	14600000	15600000	0.436454
os1	14800000	15800000	0.438411
os1	15000000	16000000	0.437489
os1	15200000	16200000	0.432819
os1	15400000	16400000	0.434069
os1	15600000	16600000	0.437315
os1	15800000	16800000	0.435072
os1	16000000	17000000	0.436894
os1	16200000	17200000	0.439933
os1	16400000	17400000	0.44014
os1	16600000	17600000	0.435582
os1	16800000	17800000	0.433133
os1	17000000	18000000	0.435508
os1	17200000	18200000	0.430356
os1	17400000	18400000	0.429148
os1	17600000	18600000	0.428459
os1	17800000	18800000	0.4315
os1	18000000	19000000	0.429132
os1	18200000	19200000	0.43204
os1	18400000	19400000	0.428844
os1	18600000	19600000	0.434861
os1	18800000	19800000	0.440232
os1	19000000	20000000	0.445613
os1	19200000	20200000	0.446415
os1	19400000	20400000	0.449018
os1	19600000	20600000	0.438669
os1	19800000	20800000	0.435648
os1	20000000	21000000	0.432165
os1	20200000	21200000	0.431612
os1	20400000	21400000	0.439198
os1	20600000	21600000	0.444585
os1	20800000	21800000	0.445965
os1	21000000	22000000	0.444207
os1	21200000	22200000	0.443223
os1	21400000	22400000	0.433738
os1	21600000	22600000	0.433352
os1	21800000	22800000	0.427238
os1	22000000	23000000	0.426315
os1	22200000	23200000	0.427275
os1	22400000	23400000	0.431629
os1	22600000	23600000	0.436706
os1	22800000	23800000	0.439
os1	23000000	24000000	0.439436
os1	23200000	24200000	0.439714
os1	23400000	24400000	0.435981
os1	23600000	24600000	0.429901
os1	23800000	24800000	0.430635
os1	24000000	25000000	0.433611
os1	24200000	25200000	0.436383
os1	24400000	25400000	0.433853
os1	24600000	25600000	0.434248
os1	24800000	25800000	0.436369
os1	25000000	26000000	0.438823
os1	25200000	26200000	0.438202
os1	25400000	26400000	0.4452
os1	25600000	26600000	0.446198
os1	25800000	26800000	0.446373
os1	26000000	27000000	0.449063
os1	26200000	27200000	0.449311
os1	26400000	27400000	0.446241
os1	26600000	27600000	0.453849
os1	26800000	27800000	0.447703
os1	27000000	28000000	0.444172
os1	27200000	28200000	0.442346
os1	27400000	28400000	0.443348
os1	27600000	28600000	0.437644
os1	27800000	28800000	0.441786
os1	28000000	29000000	0.44276
os1	28200000	29200000	0.449138
os1	28400000	29400000	0.45257
os1	28600000	29600000	0.450949
os1	28800000	29800000	0.449052
os1	29000000	30000000	0.445365
os1	29200000	30200000	0.437564
os1	29400000	30400000	0.433567
os1	29600000	30600000	0.438942
os1	29800000	30800000	0.440179
os1	30000000	31000000	0.440553
os1	30200000	31200000	0.445087
os1	30400000	31400000	0.449034
os1	30600000	31600000	0.450027
os1	30800000	31800000	0.451451
os1	31000000	32000000	0.453077
os1	31200000	32200000	0.449461
os1	31400000	32400000	0.449435
os1	31600000	32600000	0.441727
os1	31800000	32800000	0.438389
os1	32000000	33000000	0.433452
os1	32200000	33200000	0.436407
os1	32400000	33400000	0.434425
os1	32600000	33600000	0.434944
os1	32800000	33800000	0.439092
os1	33000000	34000000	0.444417
os1	33200000	34200000	0.446987
os1	33400000	34400000	0.445832
os1	33600000	34600000	0.444925
os1	33800000	34800000	0.441109
os1	34000000	35000000	0.437667
os1	34200000	35200000	0.439017
os1	34400000	35400000	0.442891
os1	34600000	35600000	0.451574
os1	34800000	35800000	0.452811
os1	35000000	36000000	0.452446
os1	35200000	36200000	0.448236
os1	35400000	36400000	0.4442
os1	35600000	36600000	0.442954
os1	35800000	36800000	0.443497
os1	36000000	37000000	0.451662
os1	36200000	37200000	0.448797
os1	36400000	37400000	0.45007
os1	36600000	37600000	0.449515
os1	36800000	37800000	0.448274
os1	37000000	38000000	0.441917
os1	37200000	38200000	0.446583
os1	37400000	38400000	0.446406
os1	37600000	38600000	0.440938
os1	37800000	38800000	0.441832
os1	38000000	39000000	0.442971
os1	38200000	39200000	0.434868
os1	38400000	39400000	0.43142
os1	38600000	39600000	0.434289
os1	38800000	39800000	0.436675
os1	39000000	40000000	0.433431
os1	39200000	40200000	0.437757
os1	39400000	40400000	0.435987
os1	39600000	40600000	0.428804
os1	39800000	40800000	0.419448
os1	40000000	41000000	0.419602
os1	40200000	41200000	0.420068
os1	40400000	41400000	0.424388
os1	40600000	41600000	0.432854
os1	40800000	41800000	0.43909
os1	41000000	42000000	0.439873
os1	41200000	42200000	0.43997
os1	41400000	42400000	0.433539
os1	41600000	42600000	0.432743
os1	41800000	42800000	0.430528
os1	42000000	43000000	0.433201
os1	42200000	43200000	0.434629
os1	42400000	43270923	0.4419874087605908
os1	42600000	43270923	0.4399402017817246
os1	42800000	43270923	0.44661866164956904
os1	43000000	43270923	0.44694618028000577
os1	43200000	43270923	0.4487401830153829
os2	0	1000000	0.433152
os2	200000	1200000	0.433134
os2	400000	1400000	0.428901
os2	600000	1600000	0.425377
os2	800000	1800000	0.421229
os2	1000000	2000000	0.42886
os2	1200000	2200000	0.427058
os2	1400000	2400000	0.426406
os2	1600000	2600000	0.434169
os2	1800000	2800000	0.434364
os2	2000000	3000000	0.42894
os2	2200000	3200000	0.434595
os2	2400000	3400000	0.433071
os2	2600000	3600000	0.426735
os2	2800000	3800000	0.42448
os2	3000000	4000000	0.427879
os2	3200000	4200000	0.42049
os2	3400000	4400000	0.418134
os2	3600000	4600000	0.415838
os2	3800000	4800000	0.417167
os2	4000000	5000000	0.416867
os2	4200000	5200000	0.417684
os2	4400000	5400000	0.418972
os2	4600000	5600000	0.421851
os2	4800000	5800000	0.423353
os2	5000000	6000000	0.416895
os2	5200000	6200000	0.419852
os2	5400000	6400000	0.417701
os2	5600000	6600000	0.41913
os2	5800000	6800000	0.41802
os2	6000000	7000000	0.419736
os2	6200000	7200000	0.41805
os2	6400000	7400000	0.419512
os2	6600000	7600000	0.416358
os2	6800000	7800000	0.418519
os2	7000000	8000000	0.420243
os2	7200000	8200000	0.421966
os2	7400000	8400000	0.423079
os2	7600000	8600000	0.423739
os2	7800000	8800000	0.419336
os2	8000000	9000000	0.415202
os2	8200000	9200000	0.412731
os2	8400000	9400000	0.421295
os2	8600000	9600000	0.423096
os2	8800000	9800000	0.427627
os2	9000000	10000000	0.42813
os2	9200000	10200000	0.433379
os2	9400000	10400000	0.426342
os2	9600000	10600000	0.426544
os2	9800000	10800000	0.428769
os2	10000000	11000000	0.431684
os2	10200000	11200000	0.430295
os2	10400000	11400000	0.430292
os2	10600000	11600000	0.428523
os2	10800000	11800000	0.425448
os2	11000000	12000000	0.429315
os2	11200000	12200000	0.428085
os2	11400000	12400000	0.425319
os2	11600000	12600000	0.428719
os2	11800000	12800000	0.426611
os2	12000000	13000000	0.42285
os2	12200000	13200000	0.422927
os2	12400000	13400000	0.42839
os2	12600000	13600000	0.432502
os2	12800000	13800000	0.434258
os2	13000000	14000000	0.433159
os2	13200000	14200000	0.436091
os2	13400000	14400000	0.437359
os2	13600000	14600000	0.430251
os2	13800000	14800000	0.429964
os2	14000000	15000000	0.431348
os2	14200000	15200000	0.432075
os2	14400000	15400000	0.433579
os2	14600000	15600000	0.435364
os2	14800000	15800000	0.437239
os2	15000000	16000000	0.435874
os2	15200000	16200000	0.434848
os2	15400000	16400000	0.428743
os2	15600000	16600000	0.430328
os2	15800000	16800000	0.434398
os2	16000000	17000000	0.437431
os2	16200000	17200000	0.434751
os2	16400000	17400000	0.43438
os2	16600000	17600000	0.43291
os2	16800000	17800000	0.427447
os2	17000000	18000000	0.428021
os2	17200000	18200000	0.431929
os2	17400000	18400000	0.431272
os2	17600000	18600000	0.429523
os2	17800000	18800000	0.427891
os2	18000000	19000000	0.423863
os2	18200000	19200000	0.419117
os2	18400000	19400000	0.421733
os2	18600000	19600000	0.42311
os2	18800000	19800000	0.426684
os2	19000000	20000000	0.425311
os2	19200000	20200000	0.426731
os2	19400000	20400000	0.425444
os2	19600000	20600000	0.431112
os2	19800000	20800000	0.428849
os2	20000000	21000000	0.430956
os2	20200000	21200000	0.426439
os2	20400000	21400000	0.431521
os2	20600000	21600000	0.426709
os2	20800000	21800000	0.432172
os2	21000000	22000000	0.432738
os2	21200000	22200000	0.437837
os2	21400000	22400000	0.434464
os2	21600000	22600000	0.432182
os2	21800000	22800000	0.429277
os2	22000000	23000000	0.429901
os2	22200000	23200000	0.432885
os2	22400000	23400000	0.441552
os2	22600000	23600000	0.447022
os2	22800000	23800000	0.45053
os2	23000000	24000000	0.447215
os2	23200000	24200000	0.444844
os2	23400000	24400000	0.439508
os2	23600000	24600000	0.439653
os2	23800000	24800000	0.43707
os2	24000000	25000000	0.441897
os2	24200000	25200000	0.448189
os2	24400000	25400000	0.444143
os2	24600000	25600000	0.442828
os2	24800000	25800000	0.442268
os2	25000000	26000000	0.44131
os2	25200000	26200000	0.436997
os2	25400000	26400000	0.442866
os2	25600000	26600000	0.445059
os2	25800000	26800000	0.445865
os2	26000000	27000000	0.446225
os2	26200000	27200000	0.448685
os2	26400000	27400000	0.447392
os2	26600000	27600000	0.444938
os2	26800000	27800000	0.446885
os2	27000000	28000000	0.449209
os2	27200000	28200000	0.44921
os2	27400000	28400000	0.448385
os2	27600000	28600000	0.453246
os2	27800000	28800000	0.450349
os2	28000000	29000000	0.452778
os2	28200000	29200000	0.448824
os2	28400000	29400000	0.443539
os2	28600000	29600000	0.441516
os2	28800000	29800000	0.443116
os2	29000000	30000000	0.439585
os2	29200000	30200000	0.438462
os2	29400000	30400000	0.447481
os2	29600000	30600000	0.448322
os2	29800000	30800000	0.448596
os2	30000000	31000000	0.449618
os2	30200000	31200000	0.447334
os2	30400000	31400000	0.444661
os2	30600000	31600000	0.44555
os2	30800000	31800000	0.445114
os2	31000000	32000000	0.451812
os2	31200000	32200000	0.460806
os2	31400000	32400000	0.462135
os2	31600000	32600000	0.458415
os2	31800000	32800000	0.45997
os2	32000000	33000000	0.451791
os2	32200000	33200000	0.441243
os2	32400000	33400000	0.436158
os2	32600000	33600000	0.437638
os2	32800000	33800000	0.431121
os2	33000000	34000000	0.428574
os2	33200000	34200000	0.428188
os2	33400000	34400000	0.428781
os2	33600000	34600000	0.42854
os2	33800000	34800000	0.433345
os2	34000000	35000000	0.433309
os2	34200000	35200000	0.434125
os2	34400000	35400000	0.433289
os2	34600000	35600000	0.431619
os2	34800000	35800000	0.430901
os2	35000000	35937250	0.4337956788476927
os2	35200000	35937250	0.43886063072227877
os2	35400000	35937250	0.4417105630525826
os2	35600000	35937250	0.4427605633802817
os2	35800000	35937250	0.44563934426229507
os3	0	1000000	0.442483
os3	200000	1200000	0.440859
os3	400000	1400000	0.438064
os3	600000	1600000	0.440546
os3	800000	1800000	0.439207
os3	1000000	2000000	0.439933
os3	1200000	2200000	0.443358
os3	1400000	2400000	0.446716
os3	1600000	2600000	0.449206
os3	1800000	2800000	0.451815
os3	2000000	3000000	0.448498
os3	2200000	3200000	0.450569
os3	2400000	3400000	0.449975
os3	2600000	3600000	0.448467
os3	2800000	3800000	0.447597
os3	3000000	4000000	0.447794
os3	3200000	4200000	0.444441
os3	3400000	4400000	0.438649
os3	3600000	4600000	0.436358
os3	3800000	4800000	0.43699
os3	4000000	5000000	0.433042
os3	4200000	5200000	0.431582
os3	4400000	5400000	0.43547
os3	4600000	5600000	0.436777
os3	4800000	5800000	0.433262
os3	5000000	6000000	0.433086
os3	5200000	6200000	0.431083
os3	5400000	6400000	0.433323
os3	5600000	6600000	0.435061
os3	5800000	6800000	0.438839
os3	6000000	7000000	0.43931
os3	6200000	7200000	0.44391
os3	6400000	7400000	0.442198
os3	6600000	7600000	0.444452
os3	6800000	7800000	0.447174
os3	7000000	8000000	0.448987
os3	7200000	8200000	0.447333
os3	7400000	8400000	0.451849
os3	7600000	8600000	0.450752
os3	7800000	8800000	0.449274
os3	8000000	9000000	0.453433
os3	8200000	9200000	0.459945
os3	8400000	9400000	0.455916
os3	8600000	9600000	0.451379
os3	8800000	9800000	0.450556
os3	9000000	10000000	0.449364
os3	9200000	10200000	0.440596
os3	9400000	10400000	0.437208
os3	9600000	10600000	0.44093
os3	9800000	10800000	0.442986
os3	10000000	11000000	0.439695
os3	10200000	11200000	0.441897
os3	10400000	11400000	0.444003
os3	10600000	11600000	0.438968
os3	10800000	11800000	0.435619
os3	11000000	12000000	0.436741
os3	11200000	12200000	0.435524
os3	11400000	12400000	0.434145
os3	11600000	12600000	0.436222
os3	11800000	12800000	0.436199
os3	12000000	13000000	0.431801
os3	12200000	13200000	0.427421
os3	12400000	13400000	0.430723
os3	12600000	13600000	0.441649
os3	12800000	13800000	0.442576
os3	13000000	14000000	0.449039
os3	13200000	14200000	0.45339
os3	13400000	14400000	0.444786
os3	13600000	14600000	0.433712
os3	13800000	14800000	0.430859
os3	14000000	15000000	0.423668
os3	14200000	15200000	0.425007
os3	14400000	15400000	0.429325
os3	14600000	15600000	0.426827
os3	14800000	15800000	0.424934
os3	15000000	16000000	0.423699
os3	15200000	16200000	0.421213
os3	15400000	16400000	0.420048
os3	15600000	16600000	0.421751
os3	15800000	16800000	0.420765
os3	16000000	17000000	0.423824
os3	16200000	17200000	0.423799
os3	16400000	17400000	0.426438
os3	16600000	17600000	0.431117
os3	16800000	17800000	0.435884
os3	17000000	18000000	0.432804
os3	17200000	18200000	0.432138
os3	17400000	18400000	0.433826
os3	17600000	18600000	0.431249
os3	17800000	18800000	0.433715
os3	18000000	19000000	0.447749
os3	18200000	19200000	0.451253
os3	18400000	19400000	0.453831
os3	18600000	19600000	0.454275
os3	18800000	19800000	0.456317
os3	19000000	20000000	0.448416
os3	19200000	20200000	0.448372
os3	19400000	20400000	0.444917
os3	19600000	20600000	0.44341
os3	19800000	20800000	0.438531
os3	20000000	21000000	0.435896
os3	20200000	21200000	0.429221
os3	20400000	21400000	0.430382
os3	20600000	21600000	0.433257
os3	20800000	21800000	0.434242
os3	21000000	22000000	0.441483
os3	21200000	22200000	0.450987
os3	21400000	22400000	0.445241
os3	21600000	22600000	0.43892
os3	21800000	22800000	0.439901
os3	22000000	23000000	0.430416
os3	22200000	23200000	0.425319
os3	22400000	23400000	0.429283
os3	22600000	23600000	0.429867
os3	22800000	23800000	0.426617
os3	23000000	24000000	0.422732
os3	23200000	24200000	0.423258
os3	23400000	24400000	0.419448
os3	23600000	24600000	0.415083
os3	23800000	24800000	0.415338
os3	24000000	25000000	0.425865
os3	24200000	25200000	0.422948
os3	24400000	25400000	0.425029
os3	24600000	25600000	0.432417
os3	24800000	25800000	0.434034
os3	25000000	26000000	0.430116
os3	25200000	26200000	0.434028
os3	25400000	26400000	0.433675
os3	25600000	26600000	0.435039
os3	25800000	26800000	0.432981
os3	26000000	27000000	0.433655
os3	26200000	27200000	0.427698
os3	26400000	27400000	0.426692
os3	26600000	27600000	0.42291
os3	26800000	27800000	0.423514
os3	27000000	28000000	0.42558
os3	27200000	28200000	0.430021
os3	27400000	28400000	0.432865
os3	27600000	28600000	0.433165
os3	27800000	28800000	0.432248
os3	28000000	29000000	0.428062
os3	28200000	29200000	0.424726
os3	28400000	29400000	0.427339
os3	28600000	29600000	0.427173
os3	28800000	29800000	0.42969
os3	29000000	30000000	0.432705
os3	29200000	30200000	0.43973
os3	29400000	30400000	0.439567
os3	29600000	30600000	0.439256
os3	29800000	30800000	0.441044
os3	30000000	31000000	0.443787
os3	30200000	31200000	0.437201
os3	30400000	31400000	0.435905
os3	30600000	31600000	0.440211
os3	30800000	31800000	0.43954
os3	31000000	32000000	0.436151
os3	31200000	32200000	0.439893
os3	31400000	32400000	0.439729
os3	31600000	32600000	0.438894
os3	31800000	32800000	0.439423
os3	32000000	33000000	0.440022
os3	32200000	33200000	0.43747
os3	32400000	33400000	0.435982
os3	32600000	33600000	0.434066
os3	32800000	33800000	0.432507
os3	33000000	34000000	0.434246
os3	33200000	34200000	0.43553
os3	33400000	34400000	0.437378
os3	33600000	34600000	0.438778
os3	33800000	34800000	0.435542
os3	34000000	35000000	0.434285
os3	34200000	35200000	0.432873
os3	34400000	35400000	0.432995
os3	34600000	35600000	0.431885
os3	34800000	35800000	0.433289
os3	35000000	36000000	0.434461
os3	35200000	36200000	0.437394
os3	35400000	36400000	0.436027
os3	35600000	36413819	0.4381871153167965
os3	35800000	36413819	0.4413695242408593
os3	36000000	36413819	0.4394771627208997
os3	36200000	36413819	0.4390489152039809
os3	36400000	36413819	0.5045951226572111
os4	0	1000000	0.434139
os4	200000	1200000	0.439658
os4	400000	1400000	0.441752
os4	600000	1600000	0.445035
os4	800000	1800000	0.446499
os4	1000000	2000000	0.444784
os4	1200000	2200000	0.442878
os4	1400000	2400000	0.449561
os4	1600000	2600000	0.443606
os4	1800000	2800000	0.448371
os4	2000000	3000000	0.449556
os4	2200000	3200000	0.447851
os4	2400000	3400000	0.450069
os4	2600000	3600000	0.451797
os4	2800000	3800000	0.452913
os4	3000000	4000000	0.45677
os4	3200000	4200000	0.460818
os4	3400000	4400000	0.45372
os4	3600000	4600000	0.449017
os4	3800000	4800000	0.442651
os4	4000000	5000000	0.43794
os4	4200000	5200000	0.426547
os4	4400000	5400000	0.428009
os4	4600000	5600000	0.434733
os4	4800000	5800000	0.432641
os4	5000000	6000000	0.429903
os4	5200000	6200000	0.442447
os4	5400000	6400000	0.440485
os4	5600000	6600000	0.43813
os4	5800000	6800000	0.446254
os4	6000000	7000000	0.447756
os4	6200000	7200000	0.444868
os4	6400000	7400000	0.446
os4	6600000	7600000	0.44902
os4	6800000	7800000	0.453711
os4	7000000	8000000	0.453788
os4	7200000	8200000	0.451483
os4	7400000	8400000	0.451117
os4	7600000	8600000	0.448903
os4	7800000	8800000	0.443588
os4	8000000	9000000	0.44883
os4	8200000	9200000	0.444363
os4	8400000	9400000	0.445894
os4	8600000	9600000	0.449846
os4	8800000	9800000	0.44715
os4	9000000	10000000	0.440563
os4	9200000	10200000	0.450782
os4	9400000	10400000	0.44984
os4	9600000	10600000	0.449997
os4	9800000	10800000	0.448157
os4	10000000	11000000	0.456202
os4	10200000	11200000	0.456537
os4	10400000	11400000	0.456153
os4	10600000	11600000	0.44717
os4	10800000	11800000	0.448298
os4	11000000	12000000	0.449077
os4	11200000	12200000	0.44266
os4	11400000	12400000	0.442953
os4	11600000	12600000	0.44798
os4	11800000	12800000	0.446254
os4	12000000	13000000	0.439167
os4	12200000	13200000	0.438682
os4	12400000	13400000	0.436023
os4	12600000	13600000	0.432321
os4	12800000	13800000	0.435467
os4	13000000	14000000	0.434491
os4	13200000	14200000	0.435406
os4	13400000	14400000	0.434449
os4	13600000	14600000	0.439416
os4	13800000	14800000	0.433845
os4	14000000	15000000	0.433749
os4	14200000	15200000	0.428602
os4	14400000	15400000	0.430873
os4	14600000	15600000	0.42913
os4	14800000	15800000	0.430146
os4	15000000	16000000	0.428137
os4	15200000	16200000	0.430092
os4	15400000	16400000	0.434163
os4	15600000	16600000	0.430705
os4	15800000	16800000	0.425402
os4	16000000	17000000	0.424279
os4	16200000	17200000	0.427149
os4	16400000	17400000	0.424863
os4	16600000	17600000	0.428616
os4	16800000	17800000	0.433652
os4	17000000	18000000	0.435575
os4	17200000	18200000	0.429322
os4	17400000	18400000	0.423571
os4	17600000	18600000	0.415892
os4	17800000	18800000	0.411753
os4	18000000	19000000	0.416144
os4	18200000	19200000	0.42016
os4	18400000	19400000	0.423949
os4	18600000	19600000	0.421564
os4	18800000	19800000	0.424151
os4	19000000	20000000	0.419731
os4	19200000	20200000	0.420744
os4	19400000	20400000	0.423714
os4	19600000	20600000	0.431472
os4	19800000	20800000	0.433178
os4	20000000	21000000	0.435184
os4	20200000	21200000	0.432759
os4	20400000	21400000	0.432574
os4	20600000	21600000	0.435875
os4	20800000	21800000	0.434268
os4	21000000	22000000	0.436008
os4	21200000	22200000	0.436111
os4	21400000	22400000	0.435972
os4	21600000	22600000	0.436635
os4	21800000	22800000	0.450186
os4	22000000	23000000	0.452177
os4	22200000	23200000	0.455006
os4	22400000	23400000	0.451212
os4	22600000	23600000	0.45192
os4	22800000	23800000	0.445982
os4	23000000	24000000	0.448211
os4	23200000	24200000	0.45076
os4	23400000	24400000	0.453977
os4	23600000	24600000	0.449679
os4	23800000	24800000	0.447702
os4	24000000	25000000	0.445579
os4	24200000	25200000	0.44154
os4	24400000	25400000	0.442999
os4	24600000	25600000	0.444786
os4	24800000	25800000	0.443655
os4	25000000	26000000	0.442807
os4	25200000	26200000	0.446359
os4	25400000	26400000	0.449182
os4	25600000	26600000	0.446354
os4	25800000	26800000	0.449984
os4	26000000	27000000	0.458361
os4	26200000	27200000	0.45654
os4	26400000	27400000	0.4543
os4	26600000	27600000	0.458977
os4	26800000	27800000	0.455644
os4	27000000	28000000	0.449465
os4	27200000	28200000	0.45242
os4	27400000	28400000	0.451741
os4	27600000	28600000	0.447753
os4	27800000	28800000	0.451926
os4	28000000	29000000	0.453212
os4	28200000	29200000	0.450216
os4	28400000	29400000	0.448883
os4	28600000	29600000	0.451786
os4	28800000	29800000	0.452428
os4	29000000	30000000	0.454055
os4	29200000	30200000	0.454647
os4	29400000	30400000	0.459835
os4	29600000	30600000	0.457638
os4	29800000	30800000	0.451545
os4	30000000	31000000	0.443832
os4	30200000	31200000	0.438088
os4	30400000	31400000	0.429398
os4	30600000	31600000	0.427537
os4	30800000	31800000	0.428815
os4	31000000	32000000	0.431616
os4	31200000	32200000	0.440391
os4	31400000	32400000	0.448533
os4	31600000	32600000	0.459535
os4	31800000	32800000	0.459057
os4	32000000	33000000	0.458278
os4	32200000	33200000	0.45829
os4	32400000	33400000	0.458393
os4	32600000	33600000	0.449565
os4	32800000	33800000	0.445487
os4	33000000	34000000	0.44607
os4	33200000	34200000	0.444767
os4	33400000	34400000	0.437969
os4	33600000	34600000	0.437657
os4	33800000	34800000	0.441021
os4	34000000	35000000	0.439231
os4	34200000	35200000	0.437296
os4	34400000	35400000	0.445448
os4	34600000	35502694	0.4452317175033843
os4	34800000	35502694	0.44719749990749885
os4	35000000	35502694	0.45134017911492874
os4	35200000	35502694	0.45467700053519394
os4	35400000	35502694	0.42637349796482754
os5	0	1000000	0.429951
os5	200000	1200000	0.43036
os5	400000	1400000	0.424906
os5	600000	1600000	0.431026
os5	800000	1800000	0.431992
os5	1000000	2000000	0.436738
os5	1200000	2200000	0.433238
os5	1400000	2400000	0.436247
os5	1600000	2600000	0.430033
os5	1800000	2800000	0.426649
os5	2000000	3000000	0.423946
os5	2200000	3200000	0.422561
os5	2400000	3400000	0.417116
os5	2600000	3600000	0.418963
os5	2800000	3800000	0.419718
os5	3000000	4000000	0.426564
os5	3200000	4200000	0.434199
os5	3400000	4400000	0.441239
os5	3600000	4600000	0.445763
os5	3800000	4800000	0.442913
os5	4000000	5000000	0.432927
os5	4200000	5200000	0.434185
os5	4400000	5400000	0.428238
os5	4600000	5600000	0.428463
os5	4800000	5800000	0.433701
os5	5000000	6000000	0.432822
os5	5200000	6200000	0.428978
os5	5400000	6400000	0.430293
os5	5600000	6600000	0.42075
os5	5800000	6800000	0.414775
os5	6000000	7000000	0.41469
os5	6200000	7200000	0.411085
os5	6400000	7400000	0.411202
os5	6600000	7600000	0.420083
os5	6800000	7800000	0.425681
os5	7000000	8000000	0.425016
os5	7200000	8200000	0.426313
os5	7400000	8400000	0.428319
os5	7600000	8600000	0.426194
os5	7800000	8800000	0.427675
os5	8000000	9000000	0.433428
os5	8200000	9200000	0.435893
os5	8400000	9400000	0.440658
os5	8600000	9600000	0.442692
os5	8800000	9800000	0.446389
os5	9000000	10000000	0.457765
os5	9200000	10200000	0.465084
os5	9400000	10400000	0.467189
os5	9600000	10600000	0.470357
os5	9800000	10800000	0.468094
os5	10000000	11000000	0.45607
os5	10200000	11200000	0.455769
os5	10400000	11400000	0.455764
os5	10600000	11600000	0.459336
os5	10800000	11800000	0.457192
os5	11000000	12000000	0.467365
os5	11200000	12200000	0.463705
os5	11400000	12400000	0.461385
os5	11600000	12600000	0.456421
os5	11800000	12800000	0.456285
os5	12000000	13000000	0.449157
os5	12200000	13200000	0.446531
os5	12400000	13400000	0.450977
os5	12600000	13600000	0.44351
os5	12800000	13800000	0.437926
os5	13000000	14000000	0.433036
os5	13200000	14200000	0.434348
os5	13400000	14400000	0.42762
os5	13600000	14600000	0.430965
os5	13800000	14800000	0.434947
os5	14000000	15000000	0.439505
os5	14200000	15200000	0.437587
os5	14400000	15400000	0.441719
os5	14600000	15600000	0.449333
os5	14800000	15800000	0.447566
os5	15000000	16000000	0.447957
os5	15200000	16200000	0.446446
os5	15400000	16400000	0.437312
os5	15600000	16600000	0.429942
os5	15800000	16800000	0.429141
os5	16000000	17000000	0.426394
os5	16200000	17200000	0.4227
os5	16400000	17400000	0.426927
os5	16600000	17600000	0.42631
os5	16800000	17800000	0.43056
os5	17000000	18000000	0.424697
os5	17200000	18200000	0.430619
os5	17400000	18400000	0.428661
os5	17600000	18600000	0.430649
os5	17800000	18800000	0.428878
os5	18000000	19000000	0.432308
os5	18200000	19200000	0.428239
os5	18400000	19400000	0.430542
os5	18600000	19600000	0.430155
os5	18800000	19800000	0.432358
os5	19000000	20000000	0.434864
os5	19200000	20200000	0.444217
os5	19400000	20400000	0.444657
os5	19600000	20600000	0.440462
os5	19800000	20800000	0.438959
os5	20000000	21000000	0.438539
os5	20200000	21200000	0.4379
os5	20400000	21400000	0.44101
os5	20600000	21600000	0.450176
os5	20800000	21800000	0.449943
os5	21000000	22000000	0.456323
os5	21200000	22200000	0.454178
os5	21400000	22400000	0.45533
os5	21600000	22600000	0.450691
os5	21800000	22800000	0.450045
os5	22000000	23000000	0.446598
os5	22200000	23200000	0.445839
os5	22400000	23400000	0.444474
os5	22600000	23600000	0.446434
os5	22800000	23800000	0.447902
os5	23000000	24000000	0.449341
os5	23200000	24200000	0.443178
os5	23400000	24400000	0.4433
os5	23600000	24600000	0.444021
os5	23800000	24800000	0.447665
os5	24000000	25000000	0.445195
os5	24200000	25200000	0.446939
os5	24400000	25400000	0.446763
os5	24600000	25600000	0.446011
os5	24800000	25800000	0.4401
os5	25000000	26000000	0.441728
os5	25200000	26200000	0.449786
os5	25400000	26400000	0.448939
os5	25600000	26600000	0.449915
os5	25800000	26800000	0.453314
os5	26000000	27000000	0.449171
os5	26200000	27200000	0.445395
os5	26400000	27400000	0.445296
os5	26600000	27600000	0.443645
os5	26800000	27800000	0.441921
os5	27000000	28000000	0.441326
os5	27200000	28200000	0.438744
os5	27400000	28400000	0.437144
os5	27600000	28600000	0.441
os5	27800000	28800000	0.442586
os5	28000000	29000000	0.44562
os5	28200000	29200000	0.445547
os5	28400000	29400000	0.447208
os5	28600000	29600000	0.440394
os5	28800000	29800000	0.439481
os5	29000000	29958434	0.4433941199915696
os5	29200000	29958434	0.44499587307531047
os5	29400000	29958434	0.4442709433881175
os5	29600000	29958434	0.4520609094003359
os5	29800000	29958434	0.47010742643624476
os6	0	1000000	0.44439
os6	200000	1200000	0.441051
os6	400000	1400000	0.441458
os6	600000	1600000	0.438356
os6	800000	1800000	0.439239
os6	1000000	2000000	0.434302
os6	1200000	2200000	0.430271
os6	1400000	2400000	0.424152
os6	1600000	2600000	0.426742
os6	1800000	2800000	0.431955
os6	2000000	3000000	0.433944
os6	2200000	3200000	0.434039
os6	2400000	3400000	0.43805
os6	2600000	3600000	0.439899
os6	2800000	3800000	0.437001
os6	3000000	4000000	0.43979
os6	3200000	4200000	0.43737
os6	3400000	4400000	0.432937
os6	3600000	4600000	0.433441
os6	3800000	4800000	0.431113
os6	4000000	5000000	0.429233
os6	4200000	5200000	0.431207
os6	4400000	5400000	0.430493
os6	4600000	5600000	0.424971
os6	4800000	5800000	0.42683
os6	5000000	6000000	0.429232
os6	5200000	6200000	0.43059
os6	5400000	6400000	0.432589
os6	5600000	6600000	0.434837
os6	5800000	6800000	0.432986
os6	6000000	7000000	0.428156
os6	6200000	7200000	0.427945
os6	6400000	7400000	0.425117
os6	6600000	7600000	0.420553
os6	6800000	7800000	0.420812
os6	7000000	8000000	0.427866
os6	7200000	8200000	0.425584
os6	7400000	8400000	0.429421
os6	7600000	8600000	0.437336
os6	7800000	8800000	0.440297
os6	8000000	9000000	0.43886
os6	8200000	9200000	0.445163
os6	8400000	9400000	0.448221
os6	8600000	9600000	0.44424
os6	8800000	9800000	0.441932
os6	9000000	10000000	0.444692
os6	9200000	10200000	0.441538
os6	9400000	10400000	0.445198
os6	9600000	10600000	0.448161
os6	9800000	10800000	0.450638
os6	10000000	11000000	0.448136
os6	10200000	11200000	0.44478
os6	10400000	11400000	0.434056
os6	10600000	11600000	0.434839
os6	10800000	11800000	0.430278
os6	11000000	12000000	0.429576
os6	11200000	12200000	0.429346
os6	11400000	12400000	0.434205
os6	11600000	12600000	0.432221
os6	11800000	12800000	0.431818
os6	12000000	13000000	0.432273
os6	12200000	13200000	0.431916
os6	12400000	13400000	0.428525
os6	12600000	13600000	0.431441
os6	12800000	13800000	0.43383
os6	13000000	14000000	0.431905
os6	13200000	14200000	0.43432
os6	13400000	14400000	0.437428
os6	13600000	14600000	0.436147
os6	13800000	14800000	0.439283
os6	14000000	15000000	0.441255
os6	14200000	15200000	0.443256
os6	14400000	15400000	0.443555
os6	14600000	15600000	0.440194
os6	14800000	15800000	0.437433
os6	15000000	16000000	0.435438
os6	15200000	16200000	0.436984
os6	15400000	16400000	0.434321
os6	15600000	16600000	0.435985
os6	15800000	16800000	0.439339
os6	16000000	17000000	0.436281
os6	16200000	17200000	0.428993
os6	16400000	17400000	0.429992
os6	16600000	17600000	0.427449
os6	16800000	17800000	0.422939
os6	17000000	18000000	0.423489
os6	17200000	18200000	0.433668
os6	17400000	18400000	0.447316
os6	17600000	18600000	0.456449
os6	17800000	18800000	0.463482
os6	18000000	19000000	0.468741
os6	18200000	19200000	0.46701
os6	18400000	19400000	0.45608
os6	18600000	19600000	0.447734
os6	18800000	19800000	0.439581
os6	19000000	20000000	0.434812
os6	19200000	20200000	0.429715
os6	19400000	20400000	0.428756
os6	19600000	20600000	0.429093
os6	19800000	20800000	0.434453
os6	20000000	21000000	0.437454
os6	20200000	21200000	0.435557
os6	20400000	21400000	0.432405
os6	20600000	21600000	0.431369
os6	20800000	21800000	0.425515
os6	21000000	22000000	0.427894
os6	21200000	22200000	0.429126
os6	21400000	22400000	0.428353
os6	21600000	22600000	0.434516
os6	21800000	22800000	0.436134
os6	22000000	23000000	0.428526
os6	22200000	23200000	0.431392
os6	22400000	23400000	0.439598
os6	22600000	23600000	0.431915
os6	22800000	23800000	0.435105
os6	23000000	24000000	0.43973
os6	23200000	24200000	0.43632
os6	23400000	24400000	0.429109
os6	23600000	24600000	0.429578
os6	23800000	24800000	0.426361
os6	24000000	25000000	0.428037
os6	24200000	25200000	0.428048
os6	24400000	25400000	0.433502
os6	24600000	25600000	0.434478
os6	24800000	25800000	0.438643
os6	25000000	26000000	0.440458
os6	25200000	26200000	0.447253
os6	25400000	26400000	0.44038
os6	25600000	26600000	0.441204
os6	25800000	26800000	0.437719
os6	26000000	27000000	0.435535
os6	26200000	27200000	0.433337
os6	26400000	27400000	0.436037
os6	26600000	27600000	0.433971
os6	26800000	27800000	0.433665
os6	27000000	28000000	0.429273
os6	27200000	28200000	0.42289
os6	27400000	28400000	0.421186
os6	27600000	28600000	0.426662
os6	27800000	28800000	0.429046
os6	28000000	29000000	0.435318
os6	28200000	29200000	0.445614
os6	28400000	29400000	0.454816
os6	28600000	29600000	0.44581
os6	28800000	29800000	0.441819
os6	29000000	30000000	0.443631
os6	29200000	30200000	0.437445
os6	29400000	30400000	0.429903
os6	29600000	30600000	0.437721
os6	29800000	30800000	0.443441
os6	30000000	31000000	0.436125
os6	30200000	31200000	0.433466
os6	30400000	31248787	0.432763461268846
os6	30600000	31248787	0.4309025920679668
os6	30800000	31248787	0.42265484517154017
os6	31000000	31248787	0.4206610474019945
os6	31200000	31248787	0.41670936929919855
os7	0	1000000	0.430187
os7	200000	1200000	0.430745
os7	400000	1400000	0.42331
os7	600000	1600000	0.431439
os7	800000	1800000	0.432505
os7	1000000	2000000	0.434872
os7	1200000	2200000	0.437516
os7	1400000	2400000	0.435664
os7	1600000	2600000	0.430357
os7	1800000	2800000	0.425864
os7	2000000	3000000	0.424983
os7	2200000	3200000	0.422281
os7	2400000	3400000	0.421099
os7	2600000	3600000	0.420164
os7	2800000	3800000	0.423814
os7	3000000	4000000	0.422822
os7	3200000	4200000	0.417915
os7	3400000	4400000	0.417804
os7	3600000	4600000	0.421241
os7	3800000	4800000	0.421696
os7	4000000	5000000	0.422327
os7	4200000	5200000	0.424702
os7	4400000	5400000	0.431118
os7	4600000	5600000	0.429109
os7	4800000	5800000	0.424118
os7	5000000	6000000	0.423069
os7	5200000	6200000	0.421393
os7	5400000	6400000	0.420373
os7	5600000	6600000	0.420189
os7	5800000	6800000	0.421222
os7	6000000	7000000	0.418732
os7	6200000	7200000	0.42131
os7	6400000	7400000	0.417533
os7	6600000	7600000	0.417296
os7	6800000	7800000	0.422174
os7	7000000	8000000	0.434182
os7	7200000	8200000	0.438242
os7	7400000	8400000	0.440393
os7	7600000	8600000	0.440904
os7	7800000	8800000	0.439201
os7	8000000	9000000	0.43006
os7	8200000	9200000	0.428034
os7	8400000	9400000	0.426463
os7	8600000	9600000	0.427233
os7	8800000	9800000	0.435529
os7	9000000	10000000	0.442681
os7	9200000	10200000	0.442134
os7	9400000	10400000	0.44552
os7	9600000	10600000	0.45342
os7	9800000	10800000	0.448896
os7	10000000	11000000	0.44643
os7	10200000	11200000	0.445265
os7	10400000	11400000	0.444467
os7	10600000	11600000	0.4355
os7	10800000	11800000	0.434656
os7	11000000	12000000	0.43493
os7	11200000	12200000	0.434817
os7	11400000	12400000	0.435412
os7	11600000	12600000	0.436763
os7	11800000	12800000	0.434735
os7	12000000	13000000	0.432113
os7	12200000	13200000	0.437672
os7	12400000	13400000	0.435433
os7	12600000	13600000	0.434289
os7	12800000	13800000	0.434041
os7	13000000	14000000	0.442431
os7	13200000	14200000	0.443823
os7	13400000	14400000	0.446471
os7	13600000	14600000	0.446913
os7	13800000	14800000	0.445147
os7	14000000	15000000	0.438578
os7	14200000	15200000	0.435695
os7	14400000	15400000	0.428384
os7	14600000	15600000	0.426521
os7	14800000	15800000	0.427156
os7	15000000	16000000	0.42291
os7	15200000	16200000	0.422611
os7	15400000	16400000	0.426497
os7	15600000	16600000	0.427883
os7	15800000	16800000	0.432568
os7	16000000	17000000	0.432572
os7	16200000	17200000	0.430209
os7	16400000	17400000	0.428954
os7	16600000	17600000	0.428336
os7	16800000	17800000	0.421686
os7	17000000	18000000	0.426818
os7	17200000	18200000	0.428849
os7	17400000	18400000	0.43693
os7	17600000	18600000	0.437188
os7	17800000	18800000	0.442325
os7	18000000	19000000	0.44263
os7	18200000	19200000	0.444629
os7	18400000	19400000	0.438151
os7	18600000	19600000	0.438948
os7	18800000	19800000	0.44188
os7	19000000	20000000	0.440532
os7	19200000	20200000	0.437131
os7	19400000	20400000	0.435501
os7	19600000	20600000	0.434289
os7	19800000	20800000	0.431257
os7	20000000	21000000	0.430351
os7	20200000	21200000	0.436494
os7	20400000	21400000	0.440599
os7	20600000	21600000	0.447114
os7	20800000	21800000	0.445765
os7	21000000	22000000	0.450716
os7	21200000	22200000	0.444264
os7	21400000	22400000	0.446589
os7	21600000	22600000	0.444338
os7	21800000	22800000	0.446846
os7	22000000	23000000	0.440123
os7	22200000	23200000	0.445464
os7	22400000	23400000	0.443001
os7	22600000	23600000	0.446887
os7	22800000	23800000	0.444975
os7	23000000	24000000	0.447212
os7	23200000	24200000	0.447926
os7	23400000	24400000	0.451746
os7	23600000	24600000	0.447013
os7	23800000	24800000	0.445816
os7	24000000	25000000	0.449642
os7	24200000	25200000	0.449387
os7	24400000	25400000	0.444522
os7	24600000	25600000	0.44544
os7	24800000	25800000	0.445393
os7	25000000	26000000	0.443815
os7	25200000	26200000	0.440511
os7	25400000	26400000	0.437856
os7	25600000	26600000	0.435612
os7	25800000	26800000	0.436305
os7	26000000	27000000	0.431964
os7	26200000	27200000	0.429466
os7	26400000	27400000	0.437808
os7	26600000	27600000	0.439478
os7	26800000	27800000	0.440084
os7	27000000	28000000	0.437368
os7	27200000	28200000	0.439063
os7	27400000	28400000	0.430943
os7	27600000	28600000	0.430678
os7	27800000	28800000	0.432694
os7	28000000	29000000	0.436565
os7	28200000	29200000	0.435269
os7	28400000	29400000	0.436747
os7	28600000	29600000	0.436164
os7	28800000	29697621	0.4351123692516106
os7	29000000	29697621	0.43568642572399624
os7	29200000	29697621	0.4361572361295042
os7	29400000	29697621	0.44080558831534067
os7	29600000	29697621	0.4435725919627949
os8	0	1000000	0.414292
os8	200000	1200000	0.421518
os8	400000	1400000	0.423711
os8	600000	1600000	0.432609
os8	800000	1800000	0.432576
os8	1000000	2000000	0.442235
os8	1200000	2200000	0.437766
os8	1400000	2400000	0.4409
os8	1600000	2600000	0.437177
os8	1800000	2800000	0.441417
os8	2000000	3000000	0.434489
os8	2200000	3200000	0.430318
os8	2400000	3400000	0.421558
os8	2600000	3600000	0.418667
os8	2800000	3800000	0.418179
os8	3000000	4000000	0.423616
os8	3200000	4200000	0.431857
os8	3400000	4400000	0.430038
os8	3600000	4600000	0.429369
os8	3800000	4800000	0.423637
os8	4000000	5000000	0.424632
os8	4200000	5200000	0.421056
os8	4400000	5400000	0.424366
os8	4600000	5600000	0.430001
os8	4800000	5800000	0.432417
os8	5000000	6000000	0.426831
os8	5200000	6200000	0.423189
os8	5400000	6400000	0.425438
os8	5600000	6600000	0.431041
os8	5800000	6800000	0.435691
os8	6000000	7000000	0.443094
os8	6200000	7200000	0.454222
os8	6400000	7400000	0.459152
os8	6600000	7600000	0.45388
os8	6800000	7800000	0.447174
os8	7000000	8000000	0.441521
os8	7200000	8200000	0.436965
os8	7400000	8400000	0.43123
os8	7600000	8600000	0.427333
os8	7800000	8800000	0.432908
os8	8000000	9000000	0.428676
os8	8200000	9200000	0.423565
os8	8400000	9400000	0.422871
os8	8600000	9600000	0.423913
os8	8800000	9800000	0.419462
os8	9000000	10000000	0.42292
os8	9200000	10200000	0.423555
os8	9400000	10400000	0.424239
os8	9600000	10600000	0.426998
os8	9800000	10800000	0.428546
os8	10000000	11000000	0.427798
os8	10200000	11200000	0.4293
os8	10400000	11400000	0.430402
os8	10600000	11600000	0.431001
os8	10800000	11800000	0.432294
os8	11000000	12000000	0.43313
os8	11200000	12200000	0.438593
os8	11400000	12400000	0.439637
os8	11600000	12600000	0.447308
os8	11800000	12800000	0.451356
os8	12000000	13000000	0.451023
os8	12200000	13200000	0.450236
os8	12400000	13400000	0.453544
os8	12600000	13600000	0.447864
os8	12800000	13800000	0.448177
os8	13000000	14000000	0.451441
os8	13200000	14200000	0.451348
os8	13400000	14400000	0.453361
os8	13600000	14600000	0.45604
os8	13800000	14800000	0.452156
os8	14000000	15000000	0.45911
os8	14200000	15200000	0.457462
os8	14400000	15400000	0.451663
os8	14600000	15600000	0.445019
os8	14800000	15800000	0.44246
os8	15000000	16000000	0.433819
os8	15200000	16200000	0.431845
os8	15400000	16400000	0.428775
os8	15600000	16600000	0.426738
os8	15800000	16800000	0.432407
os8	16000000	17000000	0.429715
os8	16200000	17200000	0.429843
os8	16400000	17400000	0.432249
os8	16600000	17600000	0.427974
os8	16800000	17800000	0.420397
os8	17000000	18000000	0.42426
os8	17200000	18200000	0.425038
os8	17400000	18400000	0.422343
os8	17600000	18600000	0.430086
os8	17800000	18800000	0.429184
os8	18000000	19000000	0.422963
os8	18200000	19200000	0.421394
os8	18400000	19400000	0.424097
os8	18600000	19600000	0.422223
os8	18800000	19800000	0.427727
os8	19000000	20000000	0.432361
os8	19200000	20200000	0.432323
os8	19400000	20400000	0.434854
os8	19600000	20600000	0.43508
os8	19800000	20800000	0.425042
os8	20000000	21000000	0.424899
os8	20200000	21200000	0.424586
os8	20400000	21400000	0.420147
os8	20600000	21600000	0.417809
os8	20800000	21800000	0.426809
os8	21000000	22000000	0.428263
os8	21200000	22200000	0.429524
os8	21400000	22400000	0.43782
os8	21600000	22600000	0.441507
os8	21800000	22800000	0.442729
os8	22000000	23000000	0.444083
os8	22200000	23200000	0.449213
os8	22400000	23400000	0.447657
os8	22600000	23600000	0.449524
os8	22800000	23800000	0.449957
os8	23000000	24000000	0.447685
os8	23200000	24200000	0.442887
os8	23400000	24400000	0.442196
os8	23600000	24600000	0.439869
os8	23800000	24800000	0.435415
os8	24000000	25000000	0.432644
os8	24200000	25200000	0.435015
os8	24400000	25400000	0.432006
os8	24600000	25600000	0.43048
os8	24800000	25800000	0.432552
os8	25000000	26000000	0.438856
os8	25200000	26200000	0.43573
os8	25400000	26400000	0.433498
os8	25600000	26600000	0.430262
os8	25800000	26800000	0.430542
os8	26000000	27000000	0.425372
os8	26200000	27200000	0.425213
os8	26400000	27400000	0.425836
os8	26600000	27600000	0.427318
os8	26800000	27800000	0.426994
os8	27000000	28000000	0.427631
os8	27200000	28200000	0.432945
os8	27400000	28400000	0.436448
os8	27600000	28443022	0.4420513343661257
os8	27800000	28443022	0.4454202189038633
os8	28000000	28443022	0.452397397871889
os8	28200000	28443022	0.45000041148537995
os8	28400000	28443022	0.4844963042164474
os9	0	1000000	0.454827
os9	200000	1200000	0.437809
os9	400000	1400000	0.429256
os9	600000	1600000	0.428721
os9	800000	1800000	0.425943
os9	1000000	2000000	0.432672
os9	1200000	2200000	0.438846
os9	1400000	2400000	0.442064
os9	1600000	2600000	0.445102
os9	1800000	2800000	0.446634
os9	2000000	3000000	0.441985
os9	2200000	3200000	0.440841
os9	2400000	3400000	0.437852
os9	2600000	3600000	0.433293
os9	2800000	3800000	0.428571
os9	3000000	4000000	0.430515
os9	3200000	4200000	0.430964
os9	3400000	4400000	0.431281
os9	3600000	4600000	0.429954
os9	3800000	4800000	0.43583
os9	4000000	5000000	0.440278
os9	4200000	5200000	0.437568
os9	4400000	5400000	0.439985
os9	4600000	5600000	0.440931
os9	4800000	5800000	0.437791
os9	5000000	6000000	0.427944
os9	5200000	6200000	0.428147
os9	5400000	6400000	0.424719
os9	5600000	6600000	0.428778
os9	5800000	6800000	0.424521
os9	6000000	7000000	0.425774
os9	6200000	7200000	0.424023
os9	6400000	7400000	0.423152
os9	6600000	7600000	0.423693
os9	6800000	7800000	0.42643
os9	7000000	8000000	0.424132
os9	7200000	8200000	0.429205
os9	7400000	8400000	0.432378
os9	7600000	8600000	0.43315
os9	7800000	8800000	0.437057
os9	8000000	9000000	0.442047
os9	8200000	9200000	0.434208
os9	8400000	9400000	0.429299
os9	8600000	9600000	0.427375
os9	8800000	9800000	0.425523
os9	9000000	10000000	0.425007
os9	9200000	10200000	0.427088
os9	9400000	10400000	0.431139
os9	9600000	10600000	0.432576
os9	9800000	10800000	0.435896
os9	10000000	11000000	0.434317
os9	10200000	11200000	0.433954
os9	10400000	11400000	0.434929
os9	10600000	11600000	0.427341
os9	10800000	11800000	0.421733
os9	11000000	12000000	0.421367
os9	11200000	12200000	0.423425
os9	11400000	12400000	0.423533
os9	11600000	12600000	0.423732
os9	11800000	12800000	0.423042
os9	12000000	13000000	0.422615
os9	12200000	13200000	0.427824
os9	12400000	13400000	0.431113
os9	12600000	13600000	0.437039
os9	12800000	13800000	0.43681
os9	13000000	14000000	0.437249
os9	13200000	14200000	0.436625
os9	13400000	14400000	0.437926
os9	13600000	14600000	0.427731
os9	13800000	14800000	0.432602
os9	14000000	15000000	0.435349
os9	14200000	15200000	0.435839
os9	14400000	15400000	0.429416
os9	14600000	15600000	0.436831
os9	14800000	15800000	0.434468
os9	15000000	16000000	0.435387
os9	15200000	16200000	0.426604
os9	15400000	16400000	0.428854
os9	15600000	16600000	0.429331
os9	15800000	16800000	0.433583
os9	16000000	17000000	0.435173
os9	16200000	17200000	0.449153
os9	16400000	17400000	0.448985
os9	16600000	17600000	0.450672
os9	16800000	17800000	0.448186
os9	17000000	18000000	0.449258
os9	17200000	18200000	0.443217
os9	17400000	18400000	0.442836
os9	17600000	18600000	0.442361
os9	17800000	18800000	0.446181
os9	18000000	19000000	0.443276
os9	18200000	19200000	0.44525
os9	18400000	19400000	0.444937
os9	18600000	19600000	0.441613
os9	18800000	19800000	0.434718
os9	19000000	20000000	0.431248
os9	19200000	20200000	0.424218
os9	19400000	20400000	0.422402
os9	19600000	20600000	0.422893
os9	19800000	20800000	0.426175
os9	20000000	21000000	0.427727
os9	20200000	21200000	0.433973
os9	20400000	21400000	0.438295
os9	20600000	21600000	0.441211
os9	20800000	21800000	0.441594
os9	21000000	22000000	0.443602
os9	21200000	22200000	0.440893
os9	21400000	22400000	0.442307
os9	21600000	22600000	0.438244
os9	21800000	22800000	0.435281
os9	22000000	23000000	0.44516
os9	22200000	23012720	0.44799069790333695
os9	22400000	23012720	0.44669343256299776
os9	22600000	23012720	0.457913355301415
os9	22800000	23012720	0.4858593456186536
os9	23000000	23012720	0.46540880503144655
os10	0	1000000	0.423096
os10	200000	1200000	0.424303
os10	400000	1400000	0.427841
os10	600000	1600000	0.428559
os10	800000	1800000	0.427993
os10	1000000	2000000	0.429958
os10	1200000	2200000	0.424748
os10	1400000	2400000	0.422623
os10	1600000	2600000	0.422403
os10	1800000	2800000	0.426072
os10	2000000	3000000	0.424922
os10	2200000	3200000	0.430212
os10	2400000	3400000	0.439969
os10	2600000	3600000	0.440415
os10	2800000	3800000	0.436593
os10	3000000	4000000	0.434774
os10	3200000	4200000	0.435052
os10	3400000	4400000	0.427542
os10	3600000	4600000	0.428625
os10	3800000	4800000	0.432598
os10	4000000	5000000	0.438569
os10	4200000	5200000	0.442059
os10	4400000	5400000	0.440727
os10	4600000	5600000	0.438711
os10	4800000	5800000	0.437036
os10	5000000	6000000	0.434551
os10	5200000	6200000	0.430911
os10	5400000	6400000	0.43267
os10	5600000	6600000	0.436255
os10	5800000	6800000	0.441446
os10	6000000	7000000	0.442043
os10	6200000	7200000	0.454549
os10	6400000	7400000	0.454969
os10	6600000	7600000	0.450833
os10	6800000	7800000	0.448209
os10	7000000	8000000	0.450563
os10	7200000	8200000	0.439965
os10	7400000	8400000	0.450645
os10	7600000	8600000	0.459006
os10	7800000	8800000	0.46457
os10	8000000	9000000	0.46103
os10	8200000	9200000	0.457758
os10	8400000	9400000	0.449335
os10	8600000	9600000	0.444831
os10	8800000	9800000	0.43837
os10	9000000	10000000	0.434205
os10	9200000	10200000	0.439155
os10	9400000	10400000	0.433736
os10	9600000	10600000	0.431709
os10	9800000	10800000	0.429019
os10	10000000	11000000	0.425132
os10	10200000	11200000	0.420067
os10	10400000	11400000	0.41805
os10	10600000	11600000	0.420108
os10	10800000	11800000	0.423387
os10	11000000	12000000	0.429712
os10	11200000	12200000	0.427945
os10	11400000	12400000	0.434108
os10	11600000	12600000	0.438725
os10	11800000	12800000	0.44284
os10	12000000	13000000	0.440172
os10	12200000	13200000	0.443574
os10	12400000	13400000	0.442259
os10	12600000	13600000	0.439619
os10	12800000	13800000	0.429613
os10	13000000	14000000	0.428258
os10	13200000	14200000	0.422198
os10	13400000	14400000	0.417699
os10	13600000	14600000	0.41291
os10	13800000	14800000	0.414536
os10	14000000	15000000	0.422454
os10	14200000	15200000	0.432803
os10	14400000	15400000	0.440288
os10	14600000	15600000	0.445819
os10	14800000	15800000	0.450976
os10	15000000	16000000	0.450471
os10	15200000	16200000	0.445432
os10	15400000	16400000	0.437686
os10	15600000	16600000	0.435354
os10	15800000	16800000	0.430016
os10	16000000	17000000	0.42957
os10	16200000	17200000	0.432773
os10	16400000	17400000	0.438091
os10	16600000	17600000	0.432174
os10	16800000	17800000	0.434009
os10	17000000	18000000	0.424496
os10	17200000	18200000	0.420017
os10	17400000	18400000	0.418719
os10	17600000	18600000	0.422577
os10	17800000	18800000	0.420546
os10	18000000	19000000	0.429022
os10	18200000	19200000	0.430467
os10	18400000	19400000	0.429474
os10	18600000	19600000	0.431669
os10	18800000	19800000	0.432773
os10	19000000	20000000	0.436169
os10	19200000	20200000	0.438945
os10	19400000	20400000	0.440906
os10	19600000	20600000	0.448015
os10	19800000	20800000	0.454865
os10	20000000	21000000	0.45372
os10	20200000	21200000	0.452663
os10	20400000	21400000	0.451321
os10	20600000	21600000	0.44102
os10	20800000	21800000	0.437997
os10	21000000	22000000	0.436051
os10	21200000	22200000	0.434301
os10	21400000	22400000	0.432705
os10	21600000	22600000	0.435496
os10	21800000	22800000	0.432986
os10	22000000	23000000	0.435857
os10	22200000	23200000	0.438842
os10	22400000	23207287	0.44121978924471716
os10	22600000	23207287	0.4413580399382829
os10	22800000	23207287	0.44731110985619477
os10	23000000	23207287	0.44294142903317624
os10	23200000	23207287	0.3386853300397969
os11	0	1000000	0.436538
os11	200000	1200000	0.439048
os11	400000	1400000	0.434724
os11	600000	1600000	0.427433
os11	800000	1800000	0.425914
os11	1000000	2000000	0.424732
os11	1200000	2200000	0.424524
os11	1400000	2400000	0.429029
os11	1600000	2600000	0.427914
os11	1800000	2800000	0.427532
os11	2000000	3000000	0.423085
os11	2200000	3200000	0.422496
os11	2400000	3400000	0.421854
os11	2600000	3600000	0.422699
os11	2800000	3800000	0.426731
os11	3000000	4000000	0.428205
os11	3200000	4200000	0.424168
os11	3400000	4400000	0.422106
os11	3600000	4600000	0.423439
os11	3800000	4800000	0.420439
os11	4000000	5000000	0.424297
os11	4200000	5200000	0.429089
os11	4400000	5400000	0.434301
os11	4600000	5600000	0.429768
os11	4800000	5800000	0.431378
os11	5000000	6000000	0.424966
os11	5200000	6200000	0.423507
os11	5400000	6400000	0.42192
os11	5600000	6600000	0.427758
os11	5800000	6800000	0.430026
os11	6000000	7000000	0.43443
os11	6200000	7200000	0.436549
os11	6400000	7400000	0.435056
os11	6600000	7600000	0.435361
os11	6800000	7800000	0.42863
os11	7000000	8000000	0.421518
os11	7200000	8200000	0.418046
os11	7400000	8400000	0.419415
os11	7600000	8600000	0.41851
os11	7800000	8800000	0.420289
os11	8000000	9000000	0.423891
os11	8200000	9200000	0.417003
os11	8400000	9400000	0.418787
os11	8600000	9600000	0.416217
os11	8800000	9800000	0.418198
os11	9000000	10000000	0.419605
os11	9200000	10200000	0.42509
os11	9400000	10400000	0.420501
os11	9600000	10600000	0.420969
os11	9800000	10800000	0.418847
os11	10000000	11000000	0.420436
os11	10200000	11200000	0.420626
os11	10400000	11400000	0.423614
os11	10600000	11600000	0.426991
os11	10800000	11800000	0.435022
os11	11000000	12000000	0.43554
os11	11200000	12200000	0.440271
os11	11400000	12400000	0.439019
os11	11600000	12600000	0.439321
os11	11800000	12800000	0.440399
os11	12000000	13000000	0.441046
os11	12200000	13200000	0.441856
os11	12400000	13400000	0.442675
os11	12600000	13600000	0.442128
os11	12800000	13800000	0.436728
os11	13000000	14000000	0.431193
os11	13200000	14200000	0.426429
os11	13400000	14400000	0.422882
os11	13600000	14600000	0.424597
os11	13800000	14800000	0.427172
os11	14000000	15000000	0.432407
os11	14200000	15200000	0.437261
os11	14400000	15400000	0.439151
os11	14600000	15600000	0.436247
os11	14800000	15800000	0.433506
os11	15000000	16000000	0.432797
os11	15200000	16200000	0.426907
os11	15400000	16400000	0.424772
os11	15600000	16600000	0.42124
os11	15800000	16800000	0.425004
os11	16000000	17000000	0.420567
os11	16200000	17200000	0.423069
os11	16400000	17400000	0.424469
os11	16600000	17600000	0.426334
os11	16800000	17800000	0.422232
os11	17000000	18000000	0.426104
os11	17200000	18200000	0.426093
os11	17400000	18400000	0.428372
os11	17600000	18600000	0.42274
os11	17800000	18800000	0.421856
os11	18000000	19000000	0.417364
os11	18200000	19200000	0.415518
os11	18400000	19400000	0.410934
os11	18600000	19600000	0.415697
os11	18800000	19800000	0.417127
os11	19000000	20000000	0.419387
os11	19200000	20200000	0.423552
os11	19400000	20400000	0.432062
os11	19600000	20600000	0.4319
os11	19800000	20800000	0.432512
os11	20000000	21000000	0.43592
os11	20200000	21200000	0.434788
os11	20400000	21400000	0.430907
os11	20600000	21600000	0.434613
os11	20800000	21800000	0.434747
os11	21000000	22000000	0.432652
os11	21200000	22200000	0.432659
os11	21400000	22400000	0.434055
os11	21600000	22600000	0.431659
os11	21800000	22800000	0.431985
os11	22000000	23000000	0.432716
os11	22200000	23200000	0.427326
os11	22400000	23400000	0.426917
os11	22600000	23600000	0.42588
os11	22800000	23800000	0.429936
os11	23000000	24000000	0.430898
os11	23200000	24200000	0.438624
os11	23400000	24400000	0.436925
os11	23600000	24600000	0.437969
os11	23800000	24800000	0.431213
os11	24000000	25000000	0.429598
os11	24200000	25200000	0.422245
os11	24400000	25400000	0.419218
os11	24600000	25600000	0.423377
os11	24800000	25800000	0.43109
os11	25000000	26000000	0.431343
os11	25200000	26200000	0.439755
os11	25400000	26400000	0.444865
os11	25600000	26600000	0.437474
os11	25800000	26800000	0.433123
os11	26000000	27000000	0.438266
os11	26200000	27200000	0.436534
os11	26400000	27400000	0.435969
os11	26600000	27600000	0.441416
os11	26800000	27800000	0.441815
os11	27000000	28000000	0.435408
os11	27200000	28200000	0.42896
os11	27400000	28400000	0.428937
os11	27600000	28600000	0.42778
os11	27800000	28800000	0.428049
os11	28000000	29000000	0.432445
os11	28200000	29021106	0.4368181452820951
os11	28400000	29021106	0.4374358000083722
os11	28600000	29021106	0.4413924285096864
os11	28800000	29021106	0.4423398731829982
os11	29000000	29021106	0.4331943523168767
os12	0	1000000	0.432874
os12	200000	1200000	0.433224
os12	400000	1400000	0.429882
os12	600000	1600000	0.423505
os12	800000	1800000	0.426918
os12	1000000	2000000	0.428837
os12	1200000	2200000	0.43127
os12	1400000	2400000	0.434264
os12	1600000	2600000	0.437266
os12	1800000	2800000	0.433349
os12	2000000	3000000	0.427555
os12	2200000	3200000	0.422714
os12	2400000	3400000	0.424169
os12	2600000	3600000	0.420205
os12	2800000	3800000	0.417395
os12	3000000	4000000	0.419419
os12	3200000	4200000	0.420766
os12	3400000	4400000	0.426326
os12	3600000	4600000	0.422845
os12	3800000	4800000	0.423557
os12	4000000	5000000	0.425966
os12	4200000	5200000	0.423641
os12	4400000	5400000	0.423203
os12	4600000	5600000	0.427886
os12	4800000	5800000	0.424153
os12	5000000	6000000	0.424827
os12	5200000	6200000	0.432026
os12	5400000	6400000	0.427654
os12	5600000	6600000	0.426765
os12	5800000	6800000	0.436581
os12	6000000	7000000	0.436551
os12	6200000	7200000	0.429457
os12	6400000	7400000	0.426988
os12	6600000	7600000	0.425279
os12	6800000	7800000	0.419814
os12	7000000	8000000	0.417323
os12	7200000	8200000	0.419109
os12	7400000	8400000	0.418655
os12	7600000	8600000	0.426068
os12	7800000	8800000	0.428637
os12	8000000	9000000	0.43274
os12	8200000	9200000	0.436576
os12	8400000	9400000	0.4333
os12	8600000	9600000	0.430826
os12	8800000	9800000	0.436592
os12	9000000	10000000	0.433206
os12	9200000	10200000	0.432995
os12	9400000	10400000	0.437007
os12	9600000	10600000	0.438209
os12	9800000	10800000	0.435582
os12	10000000	11000000	0.433505
os12	10200000	11200000	0.433899
os12	10400000	11400000	0.431765
os12	10600000	11600000	0.434925
os12	10800000	11800000	0.437386
os12	11000000	12000000	0.44415
os12	11200000	12200000	0.441694
os12	11400000	12400000	0.448171
os12	11600000	12600000	0.444243
os12	11800000	12800000	0.438832
os12	12000000	13000000	0.434572
os12	12200000	13200000	0.435088
os12	12400000	13400000	0.437547
os12	12600000	13600000	0.43868
os12	12800000	13800000	0.441222
os12	13000000	14000000	0.443847
os12	13200000	14200000	0.43701
os12	13400000	14400000	0.433182
os12	13600000	14600000	0.432167
os12	13800000	14800000	0.430212
os12	14000000	15000000	0.426738
os12	14200000	15200000	0.434052
os12	14400000	15400000	0.433132
os12	14600000	15600000	0.430215
os12	14800000	15800000	0.4322
os12	15000000	16000000	0.432254
os12	15200000	16200000	0.427383
os12	15400000	16400000	0.430929
os12	15600000	16600000	0.432044
os12	15800000	16800000	0.433628
os12	16000000	17000000	0.439544
os12	16200000	17200000	0.450599
os12	16400000	17400000	0.448698
os12	16600000	17600000	0.445834
os12	16800000	17800000	0.439376
os12	17000000	18000000	0.43087
os12	17200000	18200000	0.42053
os12	17400000	18400000	0.41864
os12	17600000	18600000	0.423131
os12	17800000	18800000	0.429443
os12	18000000	19000000	0.431071
os12	18200000	19200000	0.429581
os12	18400000	19400000	0.426303
os12	18600000	19600000	0.420568
os12	18800000	19800000	0.414478
os12	19000000	20000000	0.414287
os12	19200000	20200000	0.415835
os12	19400000	20400000	0.423349
os12	19600000	20600000	0.434948
os12	19800000	20800000	0.443835
os12	20000000	21000000	0.443532
os12	20200000	21200000	0.441541
os12	20400000	21400000	0.440909
os12	20600000	21600000	0.433355
os12	20800000	21800000	0.423098
os12	21000000	22000000	0.422606
os12	21200000	22200000	0.424037
os12	21400000	22400000	0.424035
os12	21600000	22600000	0.422529
os12	21800000	22800000	0.424526
os12	22000000	23000000	0.430344
os12	22200000	23200000	0.429826
os12	22400000	23400000	0.426148
os12	22600000	23600000	0.425168
os12	22800000	23800000	0.428156
os12	23000000	24000000	0.420984
os12	23200000	24200000	0.422948
os12	23400000	24400000	0.418017
os12	23600000	24600000	0.422854
os12	23800000	24800000	0.422973
os12	24000000	25000000	0.425817
os12	24200000	25200000	0.42916
os12	24400000	25400000	0.435251
os12	24600000	25600000	0.430569
os12	24800000	25800000	0.431945
os12	25000000	26000000	0.4293
os12	25200000	26200000	0.423728
os12	25400000	26400000	0.41955
os12	25600000	26600000	0.424125
os12	25800000	26800000	0.421521
os12	26000000	27000000	0.424848
os12	26200000	27200000	0.427802
os12	26400000	27400000	0.432496
os12	26600000	27531856	0.43181349908140315
os12	26800000	27531856	0.4329499245753263
os12	27000000	27531856	0.43499744291687975
os12	27200000	27531856	0.4376205342076081
os12	27400000	27531856	0.4312659264652348
