os1	1	1000000	0.837996
os1	1000001	2000000	0.663093
os1	2000001	3000000	0.673732
os1	3000001	4000000	0.674457
os1	4000001	5000000	0.607275
os1	5000001	6000000	0.640881
os1	6000001	7000000	0.720326
os1	7000001	8000000	0.611235
os1	8000001	9000000	0.810146
os1	9000001	10000000	0.749121
os1	10000001	11000000	0.943129
os1	11000001	12000000	0.987571
os1	12000001	13000000	1.178788
os1	13000001	14000000	1.253825
os1	14000001	15000000	1.02841
os1	15000001	16000000	1.196261
os1	16000001	17000000	1.521003
os1	17000001	18000000	1.222071
os1	18000001	19000000	1.039316
os1	19000001	20000000	1.204835
os1	20000001	21000000	1.056787
os1	21000001	22000000	1.087442
os1	22000001	23000000	0.881841
os1	23000001	24000000	0.88784
os1	24000001	25000000	0.663695
os1	25000001	26000000	1.031212
os1	26000001	27000000	0.981481
os1	27000001	28000000	0.725131
os1	28000001	29000000	0.701945
os1	29000001	30000000	0.77228
os1	30000001	31000000	0.731019
os1	31000001	32000000	0.707322
os1	32000001	33000000	0.54165
os1	33000001	34000000	0.891725
os1	34000001	35000000	0.779149
os1	35000001	36000000	0.734485
os1	36000001	37000000	0.874347
os1	37000001	38000000	0.631883
os1	38000001	39000000	0.587992
os1	39000001	40000000	0.49764
os1	40000001	41000000	0.520959
os1	41000001	42000000	0.747194
os1	42000001	43000000	0.58046
os1	43000001	43270923	0.809853722275333
os2	1	1000000	0.706074
os2	1000001	2000000	0.484114
os2	2000001	3000000	0.776132
os2	3000001	4000000	0.809313
os2	4000001	5000000	0.615422
os2	5000001	6000000	0.602029
os2	6000001	7000000	0.744898
os2	7000001	8000000	0.964966
os2	8000001	9000000	0.831134
os2	9000001	10000000	1.15431
os2	10000001	11000000	0.976626
os2	11000001	12000000	1.106439
os2	12000001	13000000	1.001752
os2	13000001	14000000	1.418424
os2	14000001	15000000	1.468646
os2	15000001	16000000	1.139578
os2	16000001	17000000	1.155532
os2	17000001	18000000	1.077236
os2	18000001	19000000	0.955876
os2	19000001	20000000	0.885008
os2	20000001	21000000	0.896901
os2	21000001	22000000	0.877963
os2	22000001	23000000	0.789648
os2	23000001	24000000	0.788546
os2	24000001	25000000	0.767141
os2	25000001	26000000	0.776028
os2	26000001	27000000	0.870366
os2	27000001	28000000	0.690234
os2	28000001	29000000	0.726154
os2	29000001	30000000	0.651151
os2	30000001	31000000	0.705497
os2	31000001	32000000	0.679853
os2	32000001	33000000	0.663316
os2	33000001	34000000	0.578641
os2	34000001	35000000	0.710173
os2	35000001	35937250	0.534019738596959
os3	1	1000000	0.590969
os3	1000001	2000000	0.563354
os3	2000001	3000000	0.682127
os3	3000001	4000000	0.658075
os3	4000001	5000000	0.516327
os3	5000001	6000000	0.513559
os3	6000001	7000000	0.644177
os3	7000001	8000000	0.69982
os3	8000001	9000000	0.716851
os3	9000001	10000000	0.66808
os3	10000001	11000000	0.554757
os3	11000001	12000000	0.654741
os3	12000001	13000000	0.643308
os3	13000001	14000000	0.965466
os3	14000001	15000000	0.845545
os3	15000001	16000000	0.947015
os3	16000001	17000000	1.027492
os3	17000001	18000000	0.992826
os3	18000001	19000000	1.340732
os3	19000001	20000000	1.692042
os3	20000001	21000000	1.24168
os3	21000001	22000000	1.059956
os3	22000001	23000000	0.973768
os3	23000001	24000000	0.98281
os3	24000001	25000000	0.9608
os3	25000001	26000000	0.912904
os3	26000001	27000000	0.835781
os3	27000001	28000000	0.676092
os3	28000001	29000000	0.542795
os3	29000001	30000000	0.57583
os3	30000001	31000000	0.574415
os3	31000001	32000000	0.579979
os3	32000001	33000000	0.588049
os3	33000001	34000000	0.537751
os3	34000001	35000000	0.565795
os3	35000001	36000000	0.52267
os3	36000001	36413819	0.727148825935977
os4	1	1000000	1.166597
os4	1000001	2000000	1.160828
os4	2000001	3000000	1.355587
os4	3000001	4000000	1.557252
os4	4000001	5000000	1.305947
os4	5000001	6000000	1.108656
os4	6000001	7000000	1.355212
os4	7000001	8000000	1.402911
os4	8000001	9000000	1.422072
os4	9000001	10000000	1.58073
os4	10000001	11000000	1.695548
os4	11000001	12000000	1.341896
os4	12000001	13000000	1.341354
os4	13000001	14000000	1.214857
os4	14000001	15000000	1.176652
os4	15000001	16000000	1.239244
os4	16000001	17000000	1.042974
os4	17000001	18000000	1.178624
os4	18000001	19000000	0.805882
os4	19000001	20000000	0.679992
os4	20000001	21000000	0.684496
os4	21000001	22000000	0.737626
os4	22000001	23000000	0.707575
os4	23000001	24000000	0.642871
os4	24000001	25000000	0.551534
os4	25000001	26000000	0.632425
os4	26000001	27000000	0.720702
os4	27000001	28000000	0.674734
os4	28000001	29000000	0.730234
os4	29000001	30000000	0.719961
os4	30000001	31000000	0.629551
os4	31000001	32000000	0.540265
os4	32000001	33000000	0.767516
os4	33000001	34000000	0.615288
os4	34000001	35000000	0.463503
os4	35000001	35502694	0.639492414868687
os5	1	1000000	0.604511
os5	1000001	2000000	0.742065
os5	2000001	3000000	0.62138
os5	3000001	4000000	0.747852
os5	4000001	5000000	0.959358
os5	5000001	6000000	1.043153
os5	6000001	7000000	0.851086
os5	7000001	8000000	1.047716
os5	8000001	9000000	1.202398
os5	9000001	10000000	1.423563
os5	10000001	11000000	1.607774
os5	11000001	12000000	1.54396
os5	12000001	13000000	1.711425
os5	13000001	14000000	1.031534
os5	14000001	15000000	1.169548
os5	15000001	16000000	1.309341
os5	16000001	17000000	0.87965
os5	17000001	18000000	0.890769
os5	18000001	19000000	0.861203
os5	19000001	20000000	0.761407
os5	20000001	21000000	0.80043
os5	21000001	22000000	0.884106
os5	22000001	23000000	0.737822
os5	23000001	24000000	0.751907
os5	24000001	25000000	0.801712
os5	25000001	26000000	0.769205
os5	26000001	27000000	0.677976
os5	27000001	28000000	0.604059
os5	28000001	29000000	0.594559
os5	29000001	29958434	0.80505491249267
os6	1	1000000	0.788449
os6	1000001	2000000	0.724672
os6	2000001	3000000	0.571401
os6	3000001	4000000	0.671185
os6	4000001	5000000	0.717779
os6	5000001	6000000	0.66757
os6	6000001	7000000	0.690011
os6	7000001	8000000	0.783271
os6	8000001	9000000	1.119532
os6	9000001	10000000	1.095914
os6	10000001	11000000	1.281589
os6	11000001	12000000	1.002846
os6	12000001	13000000	1.136116
os6	13000001	14000000	1.012785
os6	14000001	15000000	1.468991
os6	15000001	16000000	1.507675
os6	16000001	17000000	1.232652
os6	17000001	18000000	1.010011
os6	18000001	19000000	1.589417
os6	19000001	20000000	1.131363
os6	20000001	21000000	1.074052
os6	21000001	22000000	0.923651
os6	22000001	23000000	1.119122
os6	23000001	24000000	0.921438
os6	24000001	25000000	0.702461
os6	25000001	26000000	0.892655
os6	26000001	27000000	0.698199
os6	27000001	28000000	0.74679
os6	28000001	29000000	0.589618
os6	29000001	30000000	0.762122
os6	30000001	31000000	0.689246
os6	31000001	31248787	0.637802618304011
os7	1	1000000	0.784724
os7	1000001	2000000	0.863927
os7	2000001	3000000	0.749482
os7	3000001	4000000	0.670507
os7	4000001	5000000	0.690921
os7	5000001	6000000	0.779283
os7	6000001	7000000	1.107919
os7	7000001	8000000	1.022423
os7	8000001	9000000	1.133289
os7	9000001	10000000	1.335051
os7	10000001	11000000	1.22417
os7	11000001	12000000	1.27081
os7	12000001	13000000	1.756979
os7	13000001	14000000	1.276069
os7	14000001	15000000	1.365702
os7	15000001	16000000	1.087528
os7	16000001	17000000	1.101974
os7	17000001	18000000	1.03054
os7	18000001	19000000	0.965682
os7	19000001	20000000	0.889712
os7	20000001	21000000	0.931249
os7	21000001	22000000	0.89969
os7	22000001	23000000	0.699657
os7	23000001	24000000	0.629093
os7	24000001	25000000	0.778249
os7	25000001	26000000	0.696138
os7	26000001	27000000	0.678076
os7	27000001	28000000	0.845622
os7	28000001	29000000	0.619939
os7	29000001	29697621	0.588914324540116
os8	1	1000000	0.530248
os8	1000001	2000000	0.992996
os8	2000001	3000000	0.885097
os8	3000001	4000000	0.666316
os8	4000001	5000000	0.891398
os8	5000001	6000000	0.846248
os8	6000001	7000000	1.447465
os8	7000001	8000000	1.295126
os8	8000001	9000000	1.041051
os8	9000001	10000000	1.164174
os8	10000001	11000000	1.110823
os8	11000001	12000000	1.319909
os8	12000001	13000000	1.512954
os8	13000001	14000000	1.644886
os8	14000001	15000000	1.27682
os8	15000001	16000000	1.106527
os8	16000001	17000000	1.222769
os8	17000001	18000000	1.132552
os8	18000001	19000000	1.131803
os8	19000001	20000000	0.890609
os8	20000001	21000000	0.816358
os8	21000001	22000000	0.763111
os8	22000001	23000000	0.882888
os8	23000001	24000000	0.772603
os8	24000001	25000000	0.600038
os8	25000001	26000000	0.810232
os8	26000001	27000000	0.640578
os8	27000001	28000000	0.59614
os8	28000001	28443022	0.787376247680702
os9	1	1000000	1.387001
os9	1000001	2000000	1.189368
os9	2000001	3000000	1.42906
os9	3000001	4000000	1.301768
os9	4000001	5000000	1.246026
os9	5000001	6000000	1.245729
os9	6000001	7000000	1.061826
os9	7000001	8000000	1.125434
os9	8000001	9000000	1.211383
os9	9000001	10000000	1.06039
os9	10000001	11000000	1.135026
os9	11000001	12000000	1.028822
os9	12000001	13000000	0.770395
os9	13000001	14000000	1.112927
os9	14000001	15000000	0.883918
os9	15000001	16000000	0.772314
os9	16000001	17000000	0.684364
os9	17000001	18000000	0.795838
os9	18000001	19000000	0.641423
os9	19000001	20000000	0.585354
os9	20000001	21000000	0.518465
os9	21000001	22000000	0.577799
os9	22000001	23000000	0.583952
os9	23000001	23012720	1.40872641509434
os10	1	1000000	1.223782
os10	1000001	2000000	1.055424
os10	2000001	3000000	0.964559
os10	3000001	4000000	1.200504
os10	4000001	5000000	1.308475
os10	5000001	6000000	1.289648
os10	6000001	7000000	1.417179
os10	7000001	8000000	1.456971
os10	8000001	9000000	1.608375
os10	9000001	10000000	1.21307
os10	10000001	11000000	1.153866
os10	11000001	12000000	0.96069
os10	12000001	13000000	1.291861
os10	13000001	14000000	0.866696
os10	14000001	15000000	0.795344
os10	15000001	16000000	1.01535
os10	16000001	17000000	0.867507
os10	17000001	18000000	0.693408
os10	18000001	19000000	0.602881
os10	19000001	20000000	0.605684
os10	20000001	21000000	0.809634
os10	21000001	22000000	0.623795
os10	22000001	23000000	0.576129
os10	23000001	23207287	0.71267855678359
os11	1	1000000	0.704764
os11	1000001	2000000	0.651372
os11	2000001	3000000	0.568691
os11	3000001	4000000	0.865371
os11	4000001	5000000	0.826874
os11	5000001	6000000	0.890778
os11	6000001	7000000	1.05169
os11	7000001	8000000	0.857191
os11	8000001	9000000	1.157098
os11	9000001	10000000	1.130157
os11	10000001	11000000	1.194351
os11	11000001	12000000	1.328052
os11	12000001	13000000	1.578379
os11	13000001	14000000	1.395792
os11	14000001	15000000	1.233471
os11	15000001	16000000	1.277306
os11	16000001	17000000	1.114572
os11	17000001	18000000	0.995672
os11	18000001	19000000	0.929504
os11	19000001	20000000	0.862675
os11	20000001	21000000	0.968143
os11	21000001	22000000	0.944175
os11	22000001	23000000	0.826736
os11	23000001	24000000	0.907917
os11	24000001	25000000	0.932617
os11	25000001	26000000	0.918846
os11	26000001	27000000	1.048296
os11	27000001	28000000	1.020762
os11	28000001	29000000	1.025516
os11	29000001	29021106	1.18203354496352
os12	1	1000000	0.61811
os12	1000001	2000000	0.649401
os12	2000001	3000000	0.744078
os12	3000001	4000000	0.673241
os12	4000001	5000000	0.989736
os12	5000001	6000000	1.095727
os12	6000001	7000000	1.37007
os12	7000001	8000000	1.011015
os12	8000001	9000000	1.295856
os12	9000001	10000000	1.263194
os12	10000001	11000000	1.143199
os12	11000001	12000000	1.507177
os12	12000001	13000000	1.423049
os12	13000001	14000000	1.203342
os12	14000001	15000000	1.355426
os12	15000001	16000000	1.328435
os12	16000001	17000000	1.315699
os12	17000001	18000000	1.135797
os12	18000001	19000000	1.123439
os12	19000001	20000000	0.827286
os12	20000001	21000000	1.151518
os12	21000001	22000000	0.986807
os12	22000001	23000000	0.891814
os12	23000001	24000000	0.651567
os12	24000001	25000000	0.733083
os12	25000001	26000000	0.646121
os12	26000001	27000000	0.771622
os12	27000001	27531856	0.598443939713005
